0.973649
0.0770494
0.829979
-0.693412
-0.677464
0.559875
0.939667
-0.798425
-0.202896
-0.898588
0.881158
0.83013
-0.974996
0.847754
-0.971961
0.710583
0.439224
0.903176
-0.362637
-0.138866
-0.736828
-0.254736
0.577008
-0.0490259
-0.0595935
-0.0546453
-0.0724844
0.296809
0.253887
0.508073
0.995854
-0.174858
0.234359
-0.0246705
0.72078
0.829638
-0.336232
0.551866
-0.541726
0.606309
-0.991401
-0.273999
0.0255807
-0.0552457
0.167412
0.550687
0.0644114
-0.0474363
-0.293616
0.994724
0.0141167
-0.87032
0.314821
0.644354
0.95828
0.446107
0.444935
-0.779532
0.320046
0.133138
0.846227
0.558383
-0.642826
-0.54905
-0.684002
0.430168
0.806144
-0.0413691
0.835219
-0.394546
0.512223
0.725216
0.21478
0.703954
-0.415114
0.875673
0.990046
-0.0700126
0.0389795
-0.225319
0.0548391
0.679927
0.556813
0.374298
-0.352751
-0.877129
0.764087
0.247886
0.472932
-0.505728
-0.830995
-0.283026
0.0296231
-0.598809
0.676524
-0.285854
-0.280968
-0.522108
-0.606071
0.544992
