-0.0548099
0.975294
0.869878
0.518437
0.969667
-0.228571
0.896504
-0.0847728
0.77109
0.0519357
-0.0716365
0.269917
0.687318
0.944647
-0.911773
-0.815332
0.481877
0.703183
-0.168436
-0.210064
0.372777
0.806702
-0.658912
0.522131
0.60687
-0.0217659
0.377316
0.9697
0.793286
0.453228
0.244226
0.213819
-0.407049
-0.343149
0.688401
0.778182
0.0216561
-0.053752
-0.163551
0.0115786
0.921468
-0.545015
-0.556517
-0.48143
-0.408673
-0.941078
-0.589636
0.282762
0.745794
-0.554309
0.117163
0.354305
-0.265734
-0.414449
0.529665
0.469946
0.0988572
0.132815
0.438291
0.993806
-0.34994
-0.801629
0.301218
-0.551921
-0.506545
0.729641
0.217063
0.385219
-0.264364
-0.856503
-0.893365
0.964197
0.284081
0.718898
0.486485
-0.858476
-0.0204031
0.959515
-0.997882
0.58766
-0.408225
-0.545435
-0.574699
-0.681336
-0.563862
0.292872
-0.977984
0.583705
0.521573
-0.80774
-0.594764
0.200402
0.280788
0.793055
0.7892
0.160008
0.76144
0.391793
-0.332695
-0.78021
-0.954354
0.777039
0.841948
0.768394
0.585257
-0.801599
-0.690773
0.550919
-0.586986
-0.898639
-0.259919
3.91542e-05
-0.0918404
-0.679043
0.745264
-0.981988
-0.782769
-0.0868126
-0.926769
0.781356
-0.286591
-0.295857
0.909973
-0.891786
0.752406
-0.468107
0.208753
0.897771
0.958706
0.918436
-0.26289
-0.771451
-0.775716
-0.418673
0.647096
-0.829492
-0.780221
-0.119997
-0.991853
0.424933
-0.633542
0.430353
-0.798559
-0.246792
0.0416034
-0.0940002
-0.0434911
-0.824232
0.511974
0.998299
0.211603
-0.108905
0.0968765
0.38709
-0.899207
-0.817065
0.817441
0.458524
-0.592706
-0.667519
0.739097
0.625461
-0.896096
-0.32833
0.45146
-0.258829
-0.703849
-0.690966
-0.879646
0.216739
-0.785623
-0.71546
-0.195229
-0.0204581
-0.760827
-0.420198
-0.676851
-0.0504922
0.633692
-0.109521
0.0175173
-0.538175
-0.640354
0.0278005
-0.3299
-0.375769
0.768851
-0.762721
0.184594
0.83848
0.36835
-0.786713
0.815297
0.897892
0.412815
0.554443
-0.350968
0.97199
0.140848
0.80156
-0.401016
-0.60237
-0.755131
0.978602
-0.729884
-0.878878
0.677584
0.287851
-0.0221688
0.944596
0.568109
0.0303791
-0.641647
0.0682637
0.574306
-0.210034
0.75695
-0.275348
-0.374207
-0.354434
-0.622282
0.346591
-0.516009
0.696418
-0.807667
0.736131
-0.32784
-0.440638
0.933097
0.56706
-0.987787
0.111175
-0.444486
-0.544986
-0.148493
-0.525456
-0.587793
0.908952
-0.507967
0.46321
-0.693285
0.692757
-0.250726
-0.74343
0.288709
-0.65555
0.424314
-0.431431
0.383153
0.518011
0.737829
0.51332
0.502298
-0.41559
0.0291272
-0.115948
0.632031
0.510782
-0.512091
0.975647
0.946474
0.630165
0.488743
0.686839
0.849437
-0.80051
-0.449827
0.023474
0.8718
-0.458718
0.187636
-0.357162
-0.423101
0.845013
-0.924011
0.820136
0.974908
0.735949
-0.829046
0.0123637
-0.605344
0.54719
-0.0290541
0.577041
-0.651622
-0.73563
-0.686567
-0.754228
-0.00321914
-0.569399
0.211794
0.240964
0.088676
0.59367
-0.389757
0.797826
-0.980936
-0.961583
-0.863762
-0.472729
0.870751
-0.0397496
0.790158
0.0413065
0.682644
-0.651416
0.273417
-0.0227274
-0.228337
-0.221213
0.0617473
0.28849
-0.384612
-0.740659
0.533529
0.282173
0.934847
-0.58707
0.345682
0.00655631
-0.311967
-0.510074
0.220417
-0.191895
-0.644666
0.494929
0.13907
0.183774
-0.0823492
-0.360519
0.296815
-0.384147
-0.86668
-0.918743
-0.747109
-0.793832
0.516082
-0.809086
-0.577993
-0.10014
-0.690319
-0.433362
0.322814
-0.983912
-0.00696027
0.527021
0.627369
0.285189
-0.443561
-0.14413
0.872446
-0.756102
-0.868794
-0.328171
-0.603147
0.805742
0.417251
0.323595
0.503808
0.898505
0.453041
0.408904
-0.954362
0.48225
0.685043
0.906563
0.400413
-0.980445
-0.380316
0.829065
0.132749
-0.785494
0.780114
0.351053
0.243357
-0.0243423
-0.703856
-0.088807
-0.931076
0.589635
0.57643
0.272528
0.256752
-0.810435
0.274655
0.0446624
-0.578786
0.535274
-0.91961
-0.0775374
0.851936
-0.956571
-0.597675
-0.433636
-0.396628
0.661178
0.673604
-0.473408
0.78046
-0.232948
0.633641
-0.485577
-0.0310194
0.784966
-0.413157
0.265916
0.40708
-0.14194
0.592778
0.680462
-0.823268
0.551341
-0.754757
0.127778
-0.572303
0.60756
-0.770103
-0.383296
0.123225
-0.1648
0.345646
0.841865
0.130036
0.262527
-0.284531
-0.510689
0.980176
-0.906449
0.308516
-0.664316
0.198709
-0.110733
-0.0374919
0.18577
0.847198
0.290794
0.478682
-0.66524
-0.0435392
0.227704
0.88286
-0.714594
0.0630616
0.640094
0.570175
-0.933295
0.359691
-0.540083
-0.965322
0.719937
-0.160983
0.660614
-0.0726351
0.191256
0.496468
0.497789
0.382243
0.62871
-0.935549
-0.00130101
0.505529
-0.39303
0.537968
-0.380405
0.939119
-0.766006
0.777598
-0.662258
-0.908568
-0.0595074
-0.473655
0.0095646
0.623197
0.611334
0.493485
0.767691
-0.772596
0.306745
0.961826
0.15477
-0.366802
-0.593871
0.579569
-0.0535769
0.771369
-0.434124
0.296776
0.30169
-0.615407
0.250785
0.983965
0.901082
-0.00233687
0.999875
-0.0249924
0.0583627
-0.154432
-0.93921
-0.291508
0.0917451
0.44533
-0.446813
0.948445
0.504574
0.687722
-0.419649
-0.803778
0.958921
0.684991
-0.108694
0.0604292
-0.52372
-0.374412
0.652982
-0.115234
-0.59933
0.214022
0.579126
0.968059
0.813962
-0.903943
-0.0482823
0.991771
0.118094
0.488368
-0.198314
-0.417207
0.105312
0.425215
-0.915947
-0.0323558
0.612437
0.403955
0.469697
0.379761
0.986112
0.240997
0.691272
0.269706
-0.0216787
0.47957
0.687346
-0.277095
-0.567483
-0.717839
-0.78457
0.39906
0.155245
0.118353
-0.833942
-0.276767
-0.585313
-0.953731
0.49278
-0.269562
-0.577906
-0.304216
-0.0120105
-0.224663
-0.256259
-0.240489
-0.115747
0.514668
-0.412705
0.28093
0.826259
0.935912
-0.109592
0.515788
0.133405
0.637065
-0.70522
0.870284
-0.261178
0.0243665
0.958849
0.933215
-0.962295
0.729671
-0.456012
-0.171463
0.557062
0.334386
0.480262
-0.972064
-0.831783
0.137325
-0.36597
-0.36263
0.647369
-0.346061
-0.135349
-0.34635
-0.908562
0.522653
0.515333
-0.183201
0.501457
0.502441
-0.353386
0.326845
0.612926
-0.994794
0.870526
0.823612
0.0388094
-0.707452
-0.9587
-0.611468
-0.816441
0.94919
0.382113
0.272879
-0.288365
-0.231332
-0.139884
-0.109039
-0.196891
-0.158363
-0.549318
-0.594898
0.689994
-0.305893
0.898144
0.630569
-0.600412
0.628793
-0.927167
-0.0298451
0.684658
-0.600775
0.806936
0.299106
0.1602
0.812857
0.49272
-0.529119
-0.434714
0.470712
0.810747
0.289502
-0.208676
-0.317195
0.368418
-0.875103
0.198351
0.495345
-0.519423
-0.10765
-0.566859
-0.113697
0.850158
0.00689164
0.224729
-0.853626
0.64239
-0.00385946
0.235741
0.248698
0.449308
0.5949
-0.754091
-0.260497
-0.869849
0.825785
0.506497
-0.619307
-0.0263147
-0.181557
-0.993945
0.137646
-0.192009
-0.341074
-0.68028
0.310742
-0.389645
-0.474292
0.643278
0.0697586
0.465556
0.615903
-0.972228
0.151634
0.431069
0.990922
0.817021
0.535562
-0.303432
-0.938371
-0.0302937
0.30218
0.332748
0.988146
0.444876
-0.659586
0.167258
-0.248455
0.527545
-0.527825
-0.651788
-0.143383
0.912572
0.707396
0.063574
0.379943
-0.844077
-0.252032
0.236043
0.766164
-0.814099
0.548848
-0.041205
-0.782447
0.915521
-0.0373486
0.510704
0.0585477
0.0684869
0.110012
0.383664
0.0191207
-0.418684
0.94046
0.5439
-0.89657
-0.530456
-0.225867
0.913491
-0.221611
0.226309
-0.183222
0.183592
-0.780252
-0.038689
0.539349
-0.462822
-0.96476
0.90851
-0.570475
-0.963741
-0.640747
-0.49685
-0.74905
0.387249
-0.442215
0.927888
-0.318246
0.983366
-0.0940683
-0.868118
0.473519
0.345015
-0.0199055
0.312989
0.782501
0.539436
0.555356
-0.374031
-0.152191
-0.987988
0.274053
0.579989
-0.619807
0.804005
0.978863
0.208
0.17219
0.664506
0.772489
0.555694
-0.314041
0.555733
0.398937
-0.133129
0.0995039
-0.575281
0.373159
-0.109921
-0.924886
-0.924063
0.66649
0.0250363
0.258753
-0.132313
0.120215
0.750372
-0.00740833
-0.608319
0.280504
-0.186764
0.927755
0.43229
-0.0726531
-0.625986
-0.038419
-0.430565
-0.40198
0.268303
0.247241
0.870243
0.482305
-0.0741926
-0.26045
-0.19442
-0.987933
0.574907
0.169951
-0.00135434
0.344565
0.464788
0.962945
0.646646
-0.904255
0.848352
-0.0102676
-0.458099
0.512551
-0.89939
0.371447
0.527377
0.0337345
-0.0648155
0.541551
0.449394
-0.456171
-0.0185558
0.847088
0.10468
0.00812916
0.657449
0.63957
0.598648
-0.0419553
-0.753584
0.903034
0.872789
0.111
0.13814
-0.450394
0.872537
-0.706278
-0.82173
0.842835
-0.401296
-0.441705
0.739529
-0.959406
0.686644
0.413509
-0.0363607
0.890206
0.412048
0.866202
0.702068
0.421433
0.613166
-0.324932
-0.515464
-0.425387
0.790702
-0.855004
0.00198728
-0.556947
0.822004
-0.361125
-0.79759
-0.484291
0.47442
-0.0132136
0.327089
0.241366
-0.943368
-0.433632
-0.61109
-0.866953
0.798644
0.0522875
-0.0860441
0.40657
-0.0774862
-0.774475
0.231509
-0.554465
0.562727
-0.635225
0.224336
0.499441
-0.74424
-0.926089
-0.118925
0.827872
0.958102
-0.176983
0.12168
-0.539434
0.146164
0.978321
-0.0794262
0.144449
-0.869311
0.413932
-0.136002
0.798831
0.150684
0.262802
-0.769287
-0.0933215
0.4257
0.64811
-0.664819
-0.295564
-0.985106
-0.236851
-0.0089604
-0.370014
-0.185411
-0.664836
0.614584
-0.71972
0.772741
0.129835
0.208414
0.85472
-0.788057
-0.683691
-0.74512
-0.778519
-0.771757
0.982625
-0.912228
-0.696904
-0.418868
-0.0322859
0.495736
-0.26772
0.503646
-0.00157827
-0.288429
0.809428
-0.80814
-0.542611
-0.501598
-0.948683
0.323355
0.924671
0.477922
-0.529306
0.127549
0.272454
-0.75973
0.846757
-0.684132
-0.340302
0.571238
0.919091
-0.572856
0.0873677
-0.650166
0.438223
-0.40845
-0.640295
-0.0499961
0.226594
0.303654
-0.187383
-0.247328
-0.796486
0.456202
-0.985547
-0.166366
0.182083
0.888116
0.750574
0.283745
0.163399
0.746166
-0.810724
-0.11825
0.92924
0.765349
-0.337156
0.580881
-0.194781
-0.585556
-0.993644
0.693316
0.801359
0.27289
0.443591
0.793677
0.155823
-0.664434
-0.778315
-0.327063
-0.542773
0.134761
0.379528
-0.158419
0.985891
0.96574
-0.170457
0.386281
-0.808468
-0.0849971
0.260563
-0.903183
-0.273772
0.0463033
0.385907
-0.77224
-0.22827
0.339061
-0.682779
0.475311
0.210435
0.608702
-0.911083
0.263003
-0.765875
-0.793451
-0.168194
0.792024
-0.795577
0.876711
0.301055
-0.452228
-0.88867
0.86824
0.908329
0.778888
0.763561
-0.963608
0.259576
0.769203
0.832903
0.541271
-0.502671
-0.399013
0.338549
-0.985848
-0.44284
-0.566065
0.944422
0.272525
0.99649
0.0959824
0.922475
-0.863133
0.723907
0.027845
0.445487
0.0954877
0.09086
0.888348
-0.298862
-0.0921341
0.32901
-0.729006
-0.177601
-0.62528
0.969843
-0.52691
0.19626
0.93641
0.825969
-0.0928483
-0.57161
-0.519037
0.443754
0.0838111
0.594962
-0.377918
0.373031
0.0635274
-0.518765
0.898846
-0.507012
-0.110128
0.0560806
-0.288451
-0.20728
-0.986988
-0.602776
-0.239675
-0.768248
-0.0874606
0.915878
0.447531
-0.249387
0.842133
-0.507305
-0.239512
-0.673935
-0.999937
0.419622
0.475492
0.670501
-0.631325
0.303192
0.701545
0.31646
-0.283648
0.657068
-0.632773
-0.125274
0.64844
0.296327
0.149853
0.784127
-0.632737
-0.743396
0.463358
0.50765
0.859551
0.309981
0.539558
-0.22856
0.992717
0.624197
0.10972
0.705012
0.405474
0.801343
-0.329185
0.882793
0.570242
-0.521621
0.742054
0.514136
-0.831187
-0.457128
-0.508025
-0.126698
-0.90328
-0.954903
0.26801
0.127929
-0.496625
0.174617
-0.807968
0.244401
0.203223
0.343845
-0.749962
-0.515792
0.715646
0.631432
0.128442
-0.0166606
0.180883
0.526402
-0.338733
0.93866
-0.487784
0.483748
-0.586681
-0.49641
0.292853
0.0329309
-0.858465
0.535034
-0.852547
-0.3499
-0.688079
0.562408
-0.319509
0.429181
-0.520293
-0.715015
-0.277065
-0.191615
0.942594
-0.907766
0.905617
0.606211
0.301074
-0.562884
-0.232817
-0.860612
0.647846
-0.763967
0.811484
0.999273
-0.192638
0.843681
-0.481897
-0.778899
0.597498
0.0625046
0.530966
0.0870239
-0.931936
0.218826
-0.220367
0.397125
-0.978781
-0.507424
0.405894
-0.128647
-0.830412
-0.509371
0.89812
0.330219
-0.18845
0.890597
0.896049
-0.181835
0.182565
-0.398931
-0.0125978
-0.5769
-0.892944
-0.383388
0.231686
-0.758272
-0.768317
-0.387313
-0.363497
-0.0577216
0.0100799
-0.369617
0.110159
0.803789
-0.686688
-0.874191
-0.197186
-0.313274
0.185997
0.479128
0.131265
-0.76675
0.408922
-0.206127
0.651179
0.000244104
-0.292385
0.527005
0.376106
-0.994365
0.428288
0.736985
-0.0114875
0.608648
0.458496
-0.302487
0.436774
-0.184465
0.80757
-0.205308
0.420323
-0.0721855
-0.325266
0.335445
0.18443
0.819242
-0.702986
-0.908901
-0.594015
0.439163
-0.786545
0.290801
0.639849
-0.573023
0.504318
0.365579
0.442131
0.939054
-0.0240582
-9.22061e-05
0.928968
0.771272
0.327444
0.681452
0.475018
-0.15525
-0.658178
0.464982
-0.32555
0.498293
-0.551547
-0.660758
0.694179
-0.147644
-0.450797
-0.596036
-0.495824
-0.98735
0.596734
0.0755291
0.764724
-0.742241
-0.604369
0.743236
0.258844
0.14452
-0.578355
0.257261
0.818957
0.403062
-0.0829112
-0.0317125
-0.81737
0.111248
0.128132
-0.370872
-0.905504
0.382244
0.179699
0.972507
-0.723388
0.722644
0.52172
-0.555224
0.0725978
0.0920974
-0.839055
-0.654699
0.363229
0.703225
-0.786054
0.846983
-0.940749
-0.00695826
-0.546852
-0.176099
-0.819422
0.105714
-0.140206
0.0325512
0.473728
-0.623359
-0.087403
0.978365
0.32117
0.792467
-0.0451333
0.881729
-0.157518
0.281906
0.457134
0.638973
0.301772
-0.152663
0.254427
-0.409918
-0.122803
0.214934
0.404616
-0.286987
0.737757
-0.802023
0.271207
-0.72659
-0.494483
-0.119616
0.0974813
-0.146436
0.141128
-0.850635
0.408813
-0.77968
-0.547793
-0.531423
0.716971
0.828795
-0.166796
0.5906
0.222719
0.154269
0.640725
-0.649298
0.790695
-0.722678
0.193981
0.654578
0.0679349
0.0543483
-0.795794
-0.505974
0.281133
-0.103973
0.123925
-0.22824
-0.594294
0.488769
-0.140938
-0.657923
0.544743
0.233862
0.49839
-0.556751
-0.0802694
-0.376606
0.152248
-0.0516574
0.328713
-0.890722
0.758976
0.336829
-0.290278
-0.945818
0.148872
0.615335
0.278163
0.345231
0.48028
0.0616992
0.932629
0.969042
0.737385
0.503565
0.783517
-0.830345
-0.258663
0.508621
-0.222717
-0.318839
-0.034932
-0.165392
-0.484111
0.0892409
-0.474387
-0.526859
-0.804986
0.196141
0.272718
0.636433
0.944947
-0.150209
-0.61013
0.929034
-0.371078
0.0554679
-0.602172
-0.8751
-0.372148
0.84745
0.97614
-0.40487
-0.349025
-0.470694
0.451249
0.639581
0.0310264
-0.663256
-0.3234
0.644425
0.658629
0.678133
0.377078
-0.892191
0.944688
-0.832443
0.406754
0.829598
-0.815556
0.866746
0.216028
0.867225
0.124615
0.11628
-0.323632
0.422255
-0.570657
-0.684601
-0.724418
-0.430951
0.481353
0.900731
-0.446826
-0.132139
-0.289971
0.208941
-0.86166
-0.00409497
-0.839774
-0.80862
0.999059
0.645021
0.510685
0.440165
0.337046
0.233168
0.00274035
0.284092
0.6875
-0.186622
0.707927
-0.42337
0.95658
-0.71921
0.712449
0.678823
0.608303
-0.0831074
-0.136436
-0.343707
-0.659203
0.170908
-0.896041
-0.590957
-0.513876
-0.00466171
-0.641758
0.0343775
-0.838861
-0.590956
0.630304
-0.0969572
0.25502
-0.794066
-0.0648722
-0.49558
-0.0435328
-0.0616576
-0.322831
0.188598
0.567168
-0.319013
-0.303928
0.487266
0.47741
-0.781637
-0.997172
-0.555962
-0.867674
-0.212326
0.524466
0.0800924
0.334053
0.259913
0.429996
-0.728091
-0.418863
0.993932
-0.966809
0.385205
0.419509
-0.227032
-0.755002
0.357945
-0.655743
0.964876
-0.00247359
-0.336003
0.124827
-0.540897
0.33941
0.859159
0.210176
0.947406
-0.837896
-0.742059
0.765172
0.587741
0.868685
-0.0857514
0.565975
-0.334118
0.700215
-0.354422
0.2245
-0.232142
-0.922879
-0.172719
0.935367
0.192166
-0.612871
-0.0775844
0.70251
-0.310971
-0.749085
-0.501202
-0.52624
-0.103312
-0.0263544
0.668699
-0.865404
-0.866281
-0.937865
0.510357
0.828803
-0.971231
-0.241745
-0.499089
0.494565
0.747213
-0.359508
-0.933212
-0.647822
0.366489
0.50936
-0.992238
-0.951753
-0.657717
0.228301
0.640198
0.444098
-0.896917
-0.316757
-0.828795
-0.895555
0.408592
-0.223799
0.417199
0.571772
-0.547846
-0.47525
0.0654927
0.783684
0.0434669
0.827623
-0.870981
0.366345
-0.819874
0.653699
-0.450241
0.0971449
-0.820478
-0.504448
0.643738
0.871161
0.921288
0.344897
-0.308604
-0.168137
-0.921579
-0.296539
0.613916
0.490513
0.22166
0.82507
-0.559129
-0.927305
0.142156
-0.619438
-0.770847
0.327745
-0.865834
-0.0909584
0.144617
0.943419
-0.0760008
-0.0448946
0.611527
0.0998944
-0.802994
0.403267
-0.0605141
0.46945
-0.488806
0.935323
0.319666
0.791851
0.522578
-0.657418
0.595597
-0.877683
-0.503311
0.556064
0.416864
-0.630168
-0.104518
0.494867
-0.869722
0.940115
-0.0670357
-0.534706
-0.293144
0.245052
0.285083
-0.126038
0.216308
0.892495
0.154755
-0.937079
-0.705547
0.95881
-0.873345
0.525619
0.901918
-0.264111
0.604527
-0.217269
0.762816
0.608403
-0.549963
0.0907294
-0.987254
0.553304
0.128471
0.446581
0.134986
-0.860994
0.21483
-0.763707
-0.977827
-0.143895
-0.647729
-0.267413
-0.343658
-0.646873
0.625149
-0.314275
-0.00617421
-0.0322082
-0.813525
0.0117487
-0.179387
0.866444
0.54616
0.270354
0.927735
0.397239
0.497261
0.441869
-0.16189
0.673662
0.945581
-0.414362
0.289952
0.889076
0.840709
-0.00502913
-0.376586
-0.913369
-0.329813
-0.503048
-0.627217
0.119345
0.549101
0.0188128
0.133946
0.75888
-0.569676
0.647347
0.828495
-0.251745
-0.17714
-0.389474
0.0393202
0.825772
-0.0174979
0.491645
-0.719302
0.897016
-0.919154
0.139158
-0.470221
0.863707
-0.97863
-0.770228
-0.57915
-0.557198
-0.100412
0.279365
0.414654
0.998321
-0.357327
0.369517
-0.475979
0.189423
-0.221076
0.377583
-0.543321
0.468481
-0.249673
0.468383
-0.918861
-0.748262
0.506361
0.393853
-0.6117
0.894008
0.73477
-0.782663
-0.37746
0.357354
0.340383
0.691295
0.732186
0.501725
0.701251
-0.732871
0.110762
-0.329087
0.0494478
0.0548166
0.563231
0.334339
-0.58017
0.68282
-0.124555
0.681487
-0.930938
0.537791
-0.575559
-0.415131
0.546201
-0.920817
-0.561848
-0.23578
0.963474
-0.444878
0.321593
-0.29767
-0.328774
0.0340998
0.0126981
0.524894
0.522517
-0.359042
-0.3138
-0.277395
-0.545095
0.983098
0.799852
0.639639
-0.236995
-0.237268
-0.583384
-0.135849
0.181034
0.0889545
0.527034
0.590217
-0.578251
-0.874737
-0.713212
0.208466
0.676925
-0.452294
-0.686737
-0.274003
-0.0788868
0.480656
0.518943
-0.938959
0.0732227
-0.699181
-0.977694
0.379404
-0.95143
-0.614491
-0.246707
0.0661573
0.125001
-0.849683
-0.760126
0.167724
-0.708363
0.0943737
-0.924907
0.591246
0.0478177
-0.241323
0.167122
0.747944
-0.971865
-0.555762
-0.521988
-0.173672
-0.968752
0.405707
-0.842062
0.220151
-0.300614
0.526717
0.612966
-0.0622979
-0.225315
0.0225544
0.497818
0.365937
-0.354128
0.188084
0.137158
-0.631389
-0.672954
-0.447825
0.0963959
0.340552
-0.436451
-0.544203
-0.404996
0.87571
-0.265756
-0.345397
-0.644759
0.450644
-0.0922284
-0.200266
-0.832235
-0.498343
-0.405564
-0.0974897
-0.478055
0.851574
-0.492581
-0.555478
0.998592
-0.590861
-0.257233
-0.483381
0.604762
0.821302
-0.322739
0.158154
-0.600084
-0.847324
-0.166922
-0.0205014
0.535854
0.942825
-0.799772
-0.522179
0.219895
0.47769
0.263551
0.908466
-0.025865
0.299582
0.71174
0.865532
-0.233964
-0.807433
-0.280122
-0.225855
-0.368531
0.935562
0.61871
-0.949251
-0.5599
-0.0950912
-0.42655
0.932668
0.149847
-0.0418798
0.956667
-0.595934
-0.751501
0.0343587
-0.125946
0.76535
0.653912
0.800315
0.037359
0.828749
0.505443
0.894403
-0.407087
-0.53318
0.950794
0.171907
-0.437876
-0.390511
0.0158377
0.357714
0.359739
-0.544593
-0.654606
0.903948
0.730062
0.733932
-0.952882
-0.389967
0.994495
0.932861
0.127065
0.475475
-0.887706
-0.975549
0.0469367
-0.242246
-0.689285
0.768534
-0.419699
0.392467
-0.0905911
0.0249047
-0.524481
0.168724
0.67869
-0.491773
0.844056
0.337757
0.0585983
-0.0707152
-0.943044
-0.671748
-0.524232
0.585513
0.296289
0.388844
-0.466173
0.846009
-0.832867
-0.527417
-0.981525
-0.714848
0.631449
0.127391
0.450887
-0.488529
-0.249207
-0.385195
-0.627271
0.206504
-0.641675
-0.412693
-0.453781
0.359137
0.572537
0.716566
-0.451453
0.511546
-0.905662
-0.341605
-0.19473
0.507221
-0.513753
0.297048
-0.454582
-0.612251
0.248032
-0.563258
-0.036906
-0.817705
0.559201
-0.325821
-0.58274
0.288136
0.810894
0.832469
0.723591
0.240848
0.812437
0.271585
0.937589
0.991034
0.207809
0.438905
-0.415946
-0.0716292
-0.598928
0.474351
-0.730034
-0.817119
-0.916424
-0.304992
0.0964996
-0.885207
0.610279
-0.222284
-0.82539
-0.440786
-0.655901
-0.312407
0.169913
0.782826
-0.390628
-0.6759
0.526555
0.84861
-0.581035
0.334538
0.646106
0.866525
0.957101
-0.875826
-0.363192
0.661749
0.328193
-0.120712
0.689346
0.586461
-0.842683
-0.987141
-0.588066
0.618745
-0.418716
-0.737501
-0.93862
-0.0927337
0.380331
-0.924986
-0.987265
0.225297
-0.0976467
-0.261051
-0.186995
0.29117
-0.888128
0.777892
0.408134
0.619409
0.00765485
0.686429
-0.540096
0.464394
-0.0918359
0.871794
0.891271
0.619881
-0.266274
-0.965818
-0.685156
0.0438173
-0.284097
0.869029
0.98973
0.892751
-0.33563
0.619944
0.11076
-0.632326
-0.942313
0.86113
0.223943
-0.461509
0.18742
-0.390969
-0.266625
0.653211
-0.419776
-0.161044
-0.17602
0.887711
-0.195993
0.194058
-0.389277
-0.931469
-0.156846
0.110441
-0.042587
-0.230793
-0.687208
-0.415003
0.57141
0.386032
-0.632727
-0.05714
0.414166
-0.550657
0.23068
-0.227975
0.251405
0.611784
0.811771
-0.504216
-0.859652
-0.673953
0.196616
-0.184993
-0.843164
0.58276
-0.108252
0.770897
0.481499
-0.176118
-0.268917
0.605786
-0.515433
-0.607827
-0.0307858
0.798113
-0.762687
-0.279319
-0.0846641
-0.00980828
-0.690043
-0.932119
-0.740894
-0.279705
-0.891578
0.297166
-0.374405
0.617441
-0.789155
0.802553
0.306084
0.819085
0.966036
-0.9575
0.828896
0.724868
-0.558108
0.580148
0.809211
-0.80078
0.654361
0.341543
0.18411
0.875211
-0.060952
-0.583178
0.666504
-0.477187
0.491802
0.456597
0.25665
0.847519
-0.21709
-0.489875
0.326091
-0.62427
-0.783293
0.286662
0.758686
0.712014
0.448636
-0.869819
-0.0381
0.0710562
-0.610566
-0.261729
0.530074
0.73446
-0.214015
0.97364
0.81112
0.113923
-0.592605
0.062712
-0.571102
0.90807
0.895526
0.0349771
-0.836316
-0.54644
-0.00874296
-0.0629161
0.42361
0.110699
0.0927713
-0.741346
0.336637
0.751969
0.762537
-0.202065
-0.938932
0.539199
-0.28478
0.439683
-0.620149
0.43693
-0.0619929
-0.237157
0.103445
0.668692
0.334118
0.376673
-0.503212
0.473907
0.0641552
0.376382
-0.915935
-0.343345
-0.297378
0.140989
0.931735
-0.968016
-0.684112
-0.104207
0.58375
-0.289282
0.351996
-0.619859
0.635063
-0.724275
-0.0985405
0.807686
-0.746875
-0.0474698
0.968316
0.420201
-0.0420626
0.51158
0.652466
-0.516523
-0.6187
0.107996
0.482632
-0.725875
0.0717023
-0.69092
-0.409609
0.0966348
-0.175131
0.856221
-0.534667
-0.776973
0.335454
0.971474
0.247781
0.477731
-0.266054
0.0853325
-0.010162
0.953951
-0.722521
-0.752951
0.617672
-0.0113036
0.963738
0.551812
0.339888
-0.931095
-0.690376
0.146212
0.997783
-0.665194
-0.797477
0.742525
0.721515
0.134566
-0.230136
0.880995
-0.057452
0.759155
-0.259294
-0.601132
0.405306
0.471291
0.789824
-0.607243
0.688248
-0.528941
-0.970457
-0.612307
0.679913
-0.220215
-0.478716
-0.288671
0.0245153
0.993716
0.184112
0.948347
-0.0350923
0.468942
0.716929
-0.482073
0.303652
0.858302
0.395896
0.544065
-0.336479
-0.937189
-0.123111
0.512529
0.564789
-0.860866
0.975743
-0.148561
-0.0944833
-0.768021
-0.538583
0.823912
0.312343
0.887207
-0.682469
0.475732
-0.882646
0.612673
0.612155
-0.490608
-0.75633
-0.160135
0.503059
-0.802244
-0.761929
0.20939
0.102806
-0.869061
0.328907
-0.243254
-0.366387
-0.580322
0.156567
-0.157275
-0.761888
0.806018
0.264809
0.509683
-0.82538
-0.501714
0.872007
-0.347859
0.878025
0.620689
-0.395425
0.163795
-0.904314
0.950405
-0.0623443
0.541229
-0.869412
0.0491444
-0.975068
-0.754183
0.738201
0.290318
0.869272
0.474651
0.158911
-0.433181
-0.215663
-0.258869
0.113665
-0.752505
0.983792
0.281424
-0.770643
-0.513807
0.598985
-0.692675
-0.404535
-0.376828
-0.417933
-0.206341
0.108268
0.136493
0.946729
0.93529
0.120379
0.103068
-0.298347
0.50384
-0.000850542
-0.190026
0.390862
-0.646767
-0.0558426
-0.876451
0.508408
0.858753
0.175332
-0.937267
-0.0847258
0.215217
0.448969
-0.112409
0.986532
-0.851709
0.536635
-0.168364
-0.348116
0.419263
-0.580886
-0.644078
0.0198498
0.655039
0.572728
-0.779118
0.489807
-0.491392
-0.730746
-0.546453
-0.318938
-0.184845
0.961889
0.258515
-0.991554
-0.603351
0.621057
0.317034
-0.374865
0.698435
0.629965
-0.118032
0.507465
0.420909
0.875873
-0.251116
-0.788866
-0.762261
-0.315062
0.062236
0.0656085
-0.239416
0.187751
-0.375018
-0.54177
0.897916
0.982496
0.168887
0.245287
-0.1734
-0.784924
-0.391197
-0.417043
0.941679
0.322608
0.219522
-0.143446
-0.574438
0.409115
0.866403
-0.926978
0.0621397
-0.680212
0.993842
0.127651
0.525723
-0.263078
0.718322
0.475222
-0.891516
0.706873
-0.0755312
-0.020825
-0.089404
0.107707
0.427576
0.776732
0.872401
0.234953
0.77406
-0.592428
-0.0189398
-0.515706
0.770103
-0.4554
-0.872666
-0.560824
0.305162
0.4731
-0.686693
0.219227
-0.70131
-0.634568
-0.567209
-0.293018
0.789251
-0.0763998
-0.111609
-0.331142
0.413659
-0.771992
0.145655
-0.303946
0.393061
0.450404
0.642721
0.258804
0.284661
-0.329075
0.385462
-0.880478
-0.17308
-0.0466289
-0.875144
0.575666
-0.967922
0.516247
-0.270016
0.228028
-0.158039
0.65746
0.620685
-0.869146
-0.327814
0.781678
-0.753459
0.69154
-0.725866
0.379879
0.173014
-0.0609051
0.382473
0.74888
-0.0228174
-0.802855
0.5921
-0.100709
-0.23633
0.313337
0.906077
0.726995
-0.240725
-0.19363
0.23999
0.0866187
0.615592
0.844081
-0.0379145
0.438501
0.80437
-0.598856
-0.0344809
0.619314
-0.153604
0.867445
0.694415
-0.918657
-0.262559
-0.804606
0.784815
0.649028
-0.318923
0.120019
0.594911
0.383166
0.988241
-0.00995116
-0.665721
-0.349149
0.710341
-0.881481
0.602618
-0.652686
-0.722804
-0.532665
-0.954499
-0.142609
-0.452553
0.466183
0.480652
-0.0293249
0.0592292
-0.906751
-0.901746
0.267733
0.0975939
-0.875876
0.262035
-0.31944
-0.629235
0.603493
-0.591542
-0.142075
0.00573065
-0.712112
0.630362
0.438812
0.593334
-0.148416
0.480947
-0.606471
-0.00857318
-0.489964
0.923913
0.0947104
-0.878837
-0.666572
0.438043
-0.313624
0.54725
-0.566543
0.328609
0.196636
0.0257861
-0.638235
-0.229199
0.565245
-0.851892
0.434892
0.156345
0.508082
0.70019
0.263124
0.0194703
-0.363958
0.000390649
-0.760465
0.558122
-0.70788
0.436222
-0.0214124
0.146941
-0.992959
-0.378291
-0.108489
0.822003
0.556444
-0.271102
0.401591
0.118419
-0.905157
0.844067
-0.597588
0.959345
0.590001
0.360274
-0.208259
-0.00359387
-0.132122
0.311355
0.201549
-0.388175
-0.922119
0.0550222
-0.528321
0.201716
0.815198
0.881769
0.462729
0.00504256
0.0579337
-0.841823
-0.331706
0.640347
0.105029
0.606931
-0.64334
-0.102089
0.157334
0.555852
-0.781473
-0.366291
-0.981369
0.928537
0.215075
-0.943136
0.96336
-0.429088
0.652323
-0.224247
0.452107
-0.432653
0.252704
0.977453
0.0115716
-0.125542
-0.566812
0.00439518
0.88411
0.292969
0.0452191
-0.508421
0.196226
-0.825742
0.354405
0.413208
-0.884823
0.27146
-0.69325
0.846916
0.206119
0.207823
-0.911388
0.0758301
0.230075
-0.376193
0.833207
-0.348028
-0.620053
-0.290116
0.939595
-0.931972
-0.473859
0.660684
-0.00549618
0.19964
-0.491886
0.76619
-0.66769
-0.385531
-0.507532
0.961094
0.956326
-0.322337
-0.721004
0.358901
0.286321
0.0692682
-0.123903
0.929081
-0.876902
0.376995
-0.81577
-0.657981
-0.794318
-0.865772
-0.759235
-0.987521
-0.772633
0.873152
-0.0912255
0.240573
0.494158
0.0626871
0.850956
0.509565
0.490956
-0.101972
0.00309095
0.794776
0.334277
0.404478
0.778499
-0.855732
0.295523
0.510663
0.874113
-0.743298
0.99788
0.186289
-0.868991
0.870425
0.746865
-0.684943
0.708695
0.240366
0.329774
-0.292871
0.87635
0.918022
-0.240646
-0.737145
-0.128601
0.91762
-0.711405
-0.72792
0.500659
-0.583257
0.71308
-0.907908
0.37166
-0.656419
0.543251
0.956478
0.921021
-0.518961
-0.776811
0.664066
0.0130823
-0.777001
0.813861
-0.635722
0.648452
-0.651191
-0.02287
-0.702889
-0.944363
-0.0281724
-0.42506
0.0636009
-0.213359
0.723797
0.0208791
0.388901
-0.0196765
-0.187251
0.226519
-0.346171
-0.383494
-0.322106
-0.908578
-0.940021
-0.303168
-0.504235
-0.671604
-0.369248
0.284645
-0.25818
0.671666
-0.313489
0.1058
-0.843349
0.126351
0.288995
-0.725932
0.146665
0.152877
0.640445
0.0214257
0.870862
0.754612
0.891306
0.094225
-0.0961213
-0.874564
0.709358
0.253291
0.101024
-0.299446
0.780642
-0.794117
0.975353
-0.968803
-0.427924
0.693696
-0.179151
-0.0829186
-0.164038
-0.625376
-0.013617
0.882201
0.677648
-0.907301
-0.360561
-0.372986
0.881748
-0.926552
0.73577
0.870795
-0.500087
-0.54275
-0.301128
0.0929563
-0.473125
-0.950883
-0.553043
-0.783271
0.244853
-0.0200099
0.509765
0.780867
-0.920602
-0.284782
0.268326
-0.594167
0.0128223
0.443782
0.835897
0.767342
-0.810117
0.96257
-0.270202
-0.258669
0.891008
-0.499559
-0.92279
0.542928
-0.22256
-0.17911
0.442873
-0.182394
0.353881
0.857158
0.142864
-0.346204
-0.845857
-0.92819
-0.570728
0.451328
-0.7673
0.230725
0.853197
0.337946
-0.661063
-0.145582
0.641321
-0.810476
0.854048
0.154035
0.511042
0.13288
0.665036
-0.935776
0.964249
-0.645451
-0.6662
0.101704
-0.706622
-0.178536
-0.0917088
-0.366317
-0.277873
0.912952
-0.377793
0.707145
0.423212
0.144585
-0.81414
-0.218768
0.347325
0.102092
-0.546695
-0.402832
0.320004
0.547677
0.390036
0.934488
0.981253
-0.193745
-0.032307
0.999068
-0.539798
0.420215
-0.0773584
-0.962316
0.642912
-0.408757
0.377172
-0.337208
-0.837834
-0.742043
0.723993
-0.728549
-0.213164
0.878146
0.514424
0.566705
-0.45248
-0.668893
-0.296827
-0.854908
-0.485398
-0.260956
-0.706192
0.196602
0.375422
-0.537011
-0.747575
-0.446965
-0.638532
-0.254106
0.846078
-0.306831
0.266884
-0.321796
0.00284216
0.889932
-0.0801948
-0.393753
0.799406
-0.0903748
-0.826917
0.876604
-0.130021
0.87954
0.596695
-0.249892
0.145571
0.793997
-0.386391
0.793193
0.73522
0.659415
0.599185
-0.401004
0.576774
0.671908
0.338824
-0.286577
0.95926
-0.0143914
-0.827706
0.899792
-0.697736
0.144978
-0.373187
-0.48807
-0.556383
-0.696793
0.223901
0.480559
-0.60045
0.757138
0.0925893
-0.594591
-0.451115
-0.569972
-0.930825
-0.251105
0.132514
-0.506036
0.296101
0.0416345
-0.452132
0.187896
-0.0361644
-0.658637
0.140946
0.13794
-0.58985
-0.406581
-0.194831
0.217508
0.774979
-0.870845
0.792855
-0.759925
0.932554
-0.885058
-0.596964
0.561284
-0.189804
-0.615698
0.595132
0.6857
0.037538
0.772235
-0.0595978
-0.514546
0.0976095
-0.551814
0.191648
-0.0663048
0.296285
0.211476
-0.0303547
0.510028
0.417797
-0.201045
0.369522
0.612495
0.833209
-0.862169
0.762398
0.0294738
-0.00860458
0.0830182
0.702308
-0.512644
0.726695
0.00854538
0.684012
-0.511037
0.231287
-0.65524
0.500684
-0.280631
-0.358626
-0.445708
-0.984827
-0.847029
0.865708
0.967051
-0.990213
-0.267149
-0.486757
-0.628923
0.803423
0.573045
-0.80207
-0.981548
-0.0110366
0.676122
0.0167462
-0.984815
-0.999547
-0.971752
-0.769514
-0.956357
0.941105
0.456586
-0.976143
-0.111704
0.700395
0.0681791
-0.736654
-0.984865
0.500305
-0.702669
-0.89133
-0.632625
0.284665
0.177864
-0.847953
0.263967
-0.447104
-0.590277
0.692098
-0.212216
0.0163737
0.329626
0.25522
-0.891097
-0.736114
-0.89258
-0.552092
0.81051
0.435092
0.240175
0.792498
-0.334289
0.419284
-0.332528
-0.875334
-0.931886
0.533009
0.198537
-0.788373
-0.353226
0.0611753
-0.499421
-0.07443
-0.280276
0.843465
-0.491899
-0.644765
-0.0491847
-0.147521
-0.855608
-0.603737
-0.974799
0.274061
0.932472
0.103682
-0.469924
-0.878589
0.796639
-0.630555
-0.552948
0.0159311
0.663559
0.876122
-0.864044
0.0258718
0.776658
0.552619
0.705713
-0.272719
-0.821651
0.705731
0.773828
-0.174458
-0.506139
0.0527488
0.626624
0.332762
-0.374606
0.683535
0.442731
0.771781
-0.115464
0.725756
0.58647
0.0988834
0.867194
-0.448321
0.651016
0.726253
0.4443
-0.908959
0.791475
-0.340234
-0.322282
0.0392487
-0.17147
0.169493
-0.592972
0.224998
-0.823238
0.326468
-0.110168
-0.951037
0.922687
0.355693
-0.121836
-0.0119315
-0.547331
-0.652535
-0.981447
0.338631
0.534209
0.915418
0.885556
-0.203169
-0.331229
-0.732951
0.550545
-0.0343356
-0.0433147
0.703133
0.646657
-0.235845
-0.0903062
0.762331
0.471208
0.889079
-0.183679
-0.0597542
-0.7184
-0.112763
0.396399
0.650649
0.0468557
0.3771
-0.528782
-0.716582
0.784205
-0.979581
0.394264
-0.92711
-0.576943
-0.784399
0.99831
-0.967867
0.989648
0.580532
0.660105
0.0227595
0.392713
0.463402
-0.0359301
0.994294
0.116985
-0.412196
-0.344512
0.447293
0.293687
0.616182
-0.864927
0.498424
-0.54317
-0.603063
0.0452304
0.0636413
-0.664873
-0.863704
0.283089
0.826155
0.901768
0.0574145
0.918035
-0.397063
0.994061
0.770962
0.178965
0.140897
-0.648288
0.327868
0.178303
0.555589
0.720054
0.385422
0.191602
0.073058
0.545808
0.0576853
-0.113343
-0.757233
-0.365748
0.583651
-0.636678
0.290323
-0.162882
0.0644027
-0.0815888
0.859344
-0.451246
-0.52024
-0.202994
0.60734
-0.0395792
0.614258
0.243683
-0.356142
0.153084
-0.383627
-0.703277
0.636225
0.856168
-0.149147
-0.443779
0.200478
0.348945
-0.282164
0.909408
0.973718
-0.842586
0.17829
0.866765
0.343358
0.149021
0.402236
-0.978114
0.499063
0.347148
0.913926
0.0540555
-0.446252
-0.21225
0.806096
-0.745975
-0.353558
-0.703946
-0.292517
0.90367
0.32823
0.898424
-0.41344
-0.54832
-0.00908298
0.955818
-0.749941
0.108555
0.109029
-0.493962
-0.171521
0.307076
0.84371
-0.417636
-0.140768
-0.973765
0.0132302
-0.833076
0.24642
0.808994
-0.0705712
0.825067
-0.735365
0.605534
0.631482
-0.595666
0.933917
0.705636
-0.209441
-0.984789
0.650741
0.318135
0.855122
0.76143
0.0037105
-0.585758
-0.537749
0.879581
-0.743592
0.864002
0.948481
-0.115994
0.976442
-0.0491824
-0.458581
-0.604948
-0.807805
0.651215
0.809581
-0.850611
-0.24313
-0.968957
0.387658
0.585451
0.766993
0.370475
0.372043
0.068748
-0.92315
-0.873845
0.703303
-0.605527
-0.500189
-0.0123596
0.521288
-0.0424758
0.276316
-0.238185
0.11743
0.847314
0.518547
0.0906218
0.0513295
-0.552968
0.0690617
-0.278025
-0.888356
0.450989
-0.98038
-0.87573
0.0116735
0.638069
0.0284027
-0.628283
0.899375
-0.167794
0.191869
-0.731483
-0.479166
0.713126
-0.670738
-0.263669
0.616296
0.619894
0.638155
0.184718
0.0524141
-0.841396
0.550442
-0.459433
-0.668286
0.923773
-0.254357
0.411022
0.711796
0.515131
0.240667
-0.980185
-0.217736
0.592126
0.4721
-0.704543
-0.0679348
-0.672247
0.990203
-0.285504
-0.869665
-0.153254
-0.663098
-0.614602
0.976334
-0.125426
0.620371
-0.8187
0.900739
-0.466727
0.745268
0.291238
0.0854712
-0.805
-0.38434
-0.833638
-0.169741
0.247784
-0.478735
0.0222626
-0.68519
-0.967517
-0.48522
0.218935
0.160453
-0.764751
0.887032
-0.173171
0.989516
-0.3182
-0.882386
0.862599
0.851878
-0.288391
-0.673795
-0.132838
0.769921
-0.831668
-0.679155
0.895562
-0.782627
-0.297571
0.433585
0.951832
0.0886465
-0.852375
0.746571
-0.985801
0.198342
0.652182
-0.462628
-0.895637
0.645235
-0.599061
0.0960115
0.560385
-0.330978
-0.548889
-0.788108
0.490255
-0.696407
-0.986056
-0.269232
0.466293
0.999348
0.370623
0.731672
0.333915
0.176099
0.186758
0.953183
0.918224
0.88848
-0.506983
0.221123
0.894699
-0.272146
-0.602182
0.818176
-0.0534606
-0.524158
0.150178
-0.429582
-0.6273
-0.411575
-0.206025
0.945082
-0.574799
-0.457312
-0.819477
0.407807
-0.848169
0.961517
-0.217566
-0.952451
-0.753314
-0.657677
0.231179
0.993684
0.824947
-0.579243
0.33342
0.231371
-0.20063
0.300544
0.377701
-0.826132
0.0154886
0.693408
0.31782
0.567501
-0.312604
-0.476714
-0.945958
-0.874016
-0.153915
0.135982
-0.347959
0.0176788
-0.234588
-0.739466
-0.371395
0.244023
0.71282
0.400578
0.101848
-0.0579578
-0.177615
0.536858
-0.818403
0.696152
0.425332
-0.168538
0.846654
-0.844776
-0.41504
0.700974
-0.714517
-0.713778
-0.663102
0.0738144
-0.184993
0.0539374
-0.830859
-0.794497
0.697708
0.873342
0.0596196
-0.0614846
0.427585
-0.469244
-0.206774
-0.91015
-0.215494
0.601114
-0.355805
0.877521
0.43662
-0.405256
-0.962714
-0.202431
0.0876725
-0.996276
0.777031
-0.938289
0.309198
0.170687
-0.936162
0.656643
-0.820042
0.580098
0.594114
-0.801758
0.81067
-0.594248
0.0357503
-0.366717
0.495927
-0.171457
0.554868
-0.883606
-0.253983
-0.30876
0.452447
0.889244
-0.124715
-0.160369
-0.618666
0.177008
-0.77163
0.168026
0.997508
0.518587
0.554303
0.353364
-0.0883391
0.767806
-0.222258
0.104212
0.817582
-0.761591
-0.288493
-0.963037
-0.77597
-0.271157
0.294995
0.308778
0.0612877
0.723043
-0.787571
0.707407
0.989258
0.838649
-0.0191603
-0.442926
-0.645585
-0.905228
0.779869
0.8102
0.287301
0.516088
-0.292261
-0.234181
-0.521844
0.926596
0.899842
0.300659
0.888175
-0.965741
0.347165
0.474124
0.707839
0.906348
0.846884
-0.770503
0.783626
-0.938286
-0.632957
-0.428749
-0.603203
0.70678
0.525723
0.850915
-0.649893
-0.180038
0.256737
-0.813208
-0.881595
-0.553249
0.674162
-0.444899
0.989652
-0.433826
-0.898118
0.418337
0.527564
-0.13526
0.384163
0.263371
-0.871511
-0.0707346
0.959513
-0.329962
0.580302
-0.772949
0.589953
0.954364
0.511249
-0.25469
0.601654
-0.39926
-0.707356
-0.0994546
0.200494
0.632178
-0.815354
-0.842192
0.170951
0.919378
0.0727626
0.632263
-0.278539
-0.179883
0.578316
0.347697
0.69647
0.94888
0.00756442
0.179509
0.143127
0.809368
-0.242685
0.446095
-0.751232
-0.750588
-0.018428
0.985754
-0.989472
0.46985
-0.447257
0.82735
-0.581171
0.3805
-0.238522
0.0588467
-0.35228
0.472365
-0.537797
-0.578098
-0.274145
0.935727
0.947758
-0.732403
-0.235593
-0.0197308
-0.887962
0.207852
0.644174
0.0460748
-0.317852
0.415811
0.151825
0.934812
-0.135842
0.677025
-0.127827
-0.97124
-0.734433
-0.584427
0.240373
0.683821
0.348041
-0.221821
-0.0208883
0.310955
0.457688
0.703304
-0.0324544
0.526739
-0.749995
-0.711606
-0.853606
0.333315
-0.512102
-0.856849
0.592453
0.451329
-0.264423
-0.0271875
0.144059
-0.921003
-0.83054
-0.745329
0.370677
-0.854461
-0.158042
0.0364035
0.815194
0.840631
-0.199446
0.926673
-0.931151
0.895154
-0.0256531
0.631346
-0.450668
0.471814
-0.401678
0.0377169
0.777408
-0.710724
-0.963668
-0.437894
-0.93801
-0.160899
0.354838
0.620651
0.33884
0.339579
0.572345
-0.779827
-0.933165
-0.222267
-0.0591107
-0.252788
0.548213
0.360384
-0.258674
0.648206
0.0721125
-0.539268
0.558919
-0.930116
-0.0310324
-0.220098
-0.300323
-0.141704
0.0575622
-0.257518
-0.173757
0.439413
0.19164
-0.483936
-0.300537
0.541454
0.402492
-0.958289
-0.178065
0.469915
-0.606748
-0.203636
-0.974791
-0.489269
-0.891695
-0.334981
0.0431851
0.451376
-0.991279
0.779412
-0.474265
-0.325408
-0.433808
-0.978936
-0.120154
-0.877015
-0.772633
0.902869
0.94583
0.15204
-0.353833
-0.214416
0.832336
-0.548502
-0.0474159
-0.543882
-0.742995
-0.944878
-0.559128
-0.9619
-0.649008
0.596123
-0.988539
-0.241284
-0.889002
0.614927
0.22336
-0.784982
0.946078
0.391218
-0.988318
0.595908
0.78636
-0.757627
-0.111575
0.185032
-0.148906
-0.652492
-0.898863
-0.0859783
-0.619451
0.670788
-0.360774
0.951727
-0.170773
-0.422621
-0.625397
-0.394107
-0.306933
-0.126071
0.795788
0.40734
-0.756659
0.935348
0.978125
0.0933842
0.0981699
-0.940661
-0.0612583
0.900948
0.783641
-0.748545
0.755576
0.590428
0.991762
-0.421579
0.256577
0.810958
0.0936232
-0.23405
0.805278
-0.125356
-0.233305
0.255285
-0.288826
-0.827343
-0.877868
0.516934
-0.94315
-0.810468
-0.446321
0.796731
0.760912
-0.14455
0.952314
0.0529784
-0.852963
0.329728
-0.359058
-0.835083
0.587166
-0.0429833
-0.287809
-0.0393101
-0.378098
-0.091481
-0.289567
0.31014
0.0856946
-0.481972
0.852624
-0.55532
0.574422
0.429967
-0.512416
-0.263683
0.867932
-0.787442
-0.706557
0.089054
0.546974
0.499359
-0.813247
0.301326
-0.389153
0.0454255
-0.840661
-0.97271
-0.812225
0.660687
0.467836
0.550888
-0.779499
-0.382959
-0.606827
0.706856
0.286667
0.018231
0.14151
-0.584441
-0.190522
-0.468161
-0.316245
0.417181
0.186748
0.879101
-0.124857
0.182624
0.766313
-0.369736
0.103993
-0.537948
-0.466633
0.639779
-0.370485
-0.885221
0.0507923
-0.639802
0.0663238
0.427962
-0.798924
0.183382
-0.617648
0.247021
0.160741
-0.956569
0.355306
0.819895
0.846001
0.441469
0.699529
-0.353397
-0.485199
-0.317861
-0.369834
0.832202
-0.368376
-0.731865
-0.0734271
0.241348
0.71594
0.588957
0.84221
-0.00411065
0.796337
0.348011
-0.822148
-0.267985
-0.0776411
-0.553498
-0.138003
0.530776
0.146783
-0.394334
0.517316
0.470344
0.711367
-0.297398
-0.135561
0.59182
0.510374
0.0275771
-0.654492
0.47878
0.72672
0.56118
-0.484081
0.0669772
-0.81319
-0.475362
-0.702841
0.136549
-0.445333
0.811336
0.593067
-0.196855
0.367451
0.438398
-0.870138
0.171195
-0.901422
0.135385
-0.0206765
-0.457315
0.49747
-0.659402
0.887245
-0.863116
-0.310356
-0.199066
-0.810048
-0.0588946
-0.769828
-0.984906
0.37005
-0.257824
-0.140363
-0.768626
-0.670301
0.0354206
0.325831
-0.307567
-0.273108
-0.566848
0.427628
-0.739328
0.0764633
-0.344453
0.0884203
-0.60949
-0.813336
0.962899
-0.405964
0.949428
0.0521517
0.766934
0.652618
-0.0434472
-0.0754498
-0.293129
0.264498
0.829672
-0.919873
0.434001
-0.992471
0.101768
-0.600971
0.188122
0.0679309
-0.935539
0.314356
0.63987
0.109544
0.181824
0.715965
0.147503
0.519227
0.115008
0.827166
-0.303597
0.321285
-0.0539413
-0.409097
0.891446
0.408771
-0.137569
0.11675
0.280448
0.378694
0.342154
0.324967
0.639146
0.345415
0.206679
-0.145594
-0.368558
-0.653081
-0.752728
0.294648
-0.0653007
-0.23061
-0.902064
0.438365
-0.639039
-0.709917
0.89636
0.80676
0.684513
-0.519115
0.41857
-0.173325
0.242042
0.98186
0.819615
0.367559
-0.0809982
0.751974
0.691408
-0.740342
0.252882
-0.403484
-0.34243
-0.62066
-0.0334472
0.591842
0.116904
0.536633
-0.531539
-0.828296
0.34844
-0.939624
-0.34034
-0.838066
0.64481
-0.401258
-0.0725258
-0.0631698
0.633701
-0.770064
-0.109524
0.29586
-0.291701
0.820653
0.919747
-0.382384
-0.525871
-0.848088
0.719838
0.720186
-0.0717396
0.791643
-0.638317
-0.619276
-0.397287
0.263376
0.94634
-0.61755
0.771627
-0.0650146
-0.698891
-0.584674
-0.0291632
-0.722332
0.798634
0.938415
-0.193835
-0.385448
-0.531024
0.298905
0.382895
0.0337677
-0.160718
0.0549936
0.686583
0.587417
0.348668
0.73453
-0.535233
-0.072794
0.745213
-0.606355
0.75545
-0.32907
0.501762
0.971393
0.539542
0.324831
-0.469122
0.742592
0.0299054
0.723617
0.454457
-0.518218
0.418105
-0.935138
-0.922378
0.0278793
-0.228953
-0.226657
0.470994
-0.888634
-0.928585
-0.0545135
0.360109
-0.331349
-0.326074
-0.0934443
0.575881
-0.574786
0.620091
0.108119
-0.640634
-0.509026
0.424728
0.519178
-0.473486
-0.679699
0.0221981
-0.362349
0.360086
0.091811
0.256254
0.831169
-0.718657
-0.195104
0.0876799
0.244154
-0.922505
-0.100862
0.347088
-0.804239
0.0838658
0.991932
-0.588281
0.564792
-0.0867193
-0.121706
-0.550621
0.806916
0.0261618
0.278099
0.200318
-0.123754
-0.0839661
0.630803
0.916532
0.0690579
-0.192749
-0.22058
0.181947
-0.80202
0.651085
-0.61291
-0.598792
-0.734225
-0.82648
0.600401
0.476007
-0.690945
0.046515
-0.808272
0.400257
-0.65913
0.0481666
-0.881479
-0.823149
-0.20528
-0.539483
-0.175512
0.869963
-0.109687
0.215185
0.332547
-0.23377
0.888616
0.331036
0.628012
0.617355
-0.569933
0.118389
-0.0187792
0.947171
0.640457
-0.781851
-0.118895
-0.0871083
-0.661511
0.55477
0.451318
-0.33805
0.752015
-0.642483
0.00283619
0.838563
0.102804
0.774903
-0.111465
0.196835
0.94786
0.731292
0.432943
-0.204189
-0.812894
0.197265
0.810582
-0.620926
0.453132
-0.932153
0.880748
-0.259278
-0.292874
0.731396
0.665693
-0.342339
-0.823732
-0.59893
0.783286
0.0929938
-0.261942
-0.143913
-0.408441
0.986697
-0.0596362
-0.513606
0.192143
0.903645
-0.209654
0.164913
0.666397
-0.445167
0.826005
0.618088
0.969235
0.636587
0.310774
0.763575
-0.801518
0.787401
-0.86287
-0.899319
-0.660495
0.70452
0.507982
0.893807
0.336437
-0.666575
-0.906826
-0.888415
0.579631
-0.744471
0.511226
0.821927
0.976213
0.0890472
-0.521505
-0.417516
0.420269
-0.339505
0.101567
-0.11993
0.731761
-0.607663
0.448735
0.341898
-0.0528741
0.943067
0.22632
-0.77232
0.874134
-0.578523
0.324238
0.441017
0.240694
-0.607176
-0.155007
-0.550135
-0.943933
0.220005
-0.592388
0.801129
0.846726
-0.197591
-0.879837
-0.499449
-0.499845
0.458856
0.16597
-0.507169
0.341604
-0.00794884
-0.175142
0.210583
0.52958
0.395807
-0.668403
0.990616
0.961276
0.829931
0.0463225
0.0612841
-0.886766
0.89544
0.760325
0.34036
-0.14836
-0.299629
-0.296454
0.568274
-0.751601
0.474625
-0.368225
0.856531
0.0946195
0.569489
0.130876
0.706362
0.0388859
-0.0775995
0.709121
0.131802
0.317804
-0.624671
-0.506634
-0.606336
-0.787625
0.850872
0.648452
0.696362
-0.652063
0.383301
-0.0868493
-0.679801
-0.772963
0.538882
-0.575642
0.963148
0.610546
0.0770611
-0.456959
-0.503267
-0.948204
0.0844388
0.192632
0.620296
-0.130548
0.29933
0.697628
0.0276533
0.571123
0.490637
0.957053
0.418832
-0.160043
0.677476
0.206312
0.421528
-0.550269
-0.892421
0.514027
-0.352625
0.622904
-0.314095
0.868962
0.0443275
0.845516
-0.0139219
-0.592863
0.12957
-0.0193041
-0.842748
-0.354808
-0.416456
0.529319
-0.160248
-0.927195
-0.580886
0.444941
0.587282
-0.0521434
-0.795175
-0.3414
0.945012
-0.132647
0.49034
-0.260036
-0.29486
-0.331103
0.259257
-0.24115
-0.218354
-0.196327
-0.343493
-0.876477
-0.265559
-0.621742
0.699313
-0.633419
-0.370011
-0.252164
0.352416
-0.535345
-0.476095
-0.218915
0.155276
-0.513835
-0.751065
-0.771357
-0.858758
0.339656
-0.456131
-0.794489
0.892929
-0.813963
-0.620003
0.357552
0.52988
-0.00730342
-0.249255
0.744184
-0.185431
0.56888
-0.0779206
-0.874688
-0.0826378
0.0600637
0.152383
0.915343
-0.364572
0.791962
-0.247513
0.00280222
-0.0523137
0.237278
0.198914
-0.0685339
-0.394989
0.212855
-0.142675
-0.328636
-0.498334
-0.602191
-0.139535
-0.581308
-0.735741
0.602129
-0.859239
0.338584
0.963571
0.35433
0.483878
0.364244
0.578155
0.461876
-0.000794269
0.242942
0.898369
0.0859769
-0.291403
0.0440555
-0.598092
0.922912
-0.496068
-0.634558
-0.400848
-0.793246
0.989891
0.350424
0.841695
-0.0719417
-0.190133
0.224276
0.226591
-0.481267
-0.498545
0.389639
-0.22726
-0.784142
0.370361
0.76998
-0.0392014
-0.824462
-0.835097
0.477192
0.301647
0.106584
0.788049
-0.658065
0.193406
0.248859
0.194895
-0.220623
-0.490257
0.199255
0.721103
-0.0884872
0.749682
0.987487
0.0120971
0.964813
-0.714544
-0.175167
0.981467
-0.0259901
0.8725
0.829185
0.819714
0.606093
0.0947147
0.0709696
0.0605119
0.216476
-0.284233
0.791086
-0.041608
-0.237303
0.319053
-0.37334
-0.821583
0.519149
0.807423
0.928544
-0.965299
-0.945552
0.645259
-0.77169
-0.00838072
0.765217
0.816786
0.00798049
0.798602
0.66005
0.185474
0.830612
0.74454
-0.721426
-0.827628
0.552072
-0.292039
0.328168
0.828026
0.663987
-0.109337
-0.212228
-0.0730644
0.900386
0.459451
-0.648624
-0.972331
-0.544074
0.311179
0.452635
0.554084
0.113018
-0.0141176
0.134429
-0.456821
-0.572012
-0.406918
-0.689145
0.73896
-0.293681
0.101913
-0.721201
0.512267
-0.992673
-0.819984
-0.0790837
-0.860436
0.186344
0.171429
0.986623
0.839078
0.792417
0.829004
-0.658008
0.824087
-0.443702
0.935122
-0.875287
-0.291741
0.018475
0.570124
0.283982
0.82424
-0.750813
-0.124236
0.460116
-0.291587
0.631627
0.713457
-0.931939
0.59777
-0.414877
-0.368611
0.850413
-0.652419
-0.583586
-0.332262
-0.130198
-0.760837
-0.175774
0.741128
-0.207654
0.179434
0.65064
0.0897039
-0.554132
-0.736116
0.714278
0.424463
0.341705
-0.277045
-0.329801
0.904221
0.100672
0.0805211
0.681071
0.435907
0.031276
-0.183904
-0.854001
-0.565317
-0.910881
-0.903083
0.115695
0.985098
0.0505013
0.490587
-0.899739
-0.182242
-0.92443
0.698802
-0.389817
-0.137743
-0.871231
-0.583253
0.579505
-0.468349
-0.0631042
-0.92929
-0.703638
-0.685456
0.0339423
-0.119716
-0.320718
-0.855435
0.827861
0.551968
-0.859465
0.940984
0.8878
-0.757496
-0.11648
0.691903
-0.275506
0.966576
0.930229
0.542223
0.644664
0.848376
-0.783246
-0.872399
-0.858606
0.375545
0.790233
0.441357
0.226032
-0.109782
-0.38305
0.166738
-0.589493
-0.019859
0.0255725
-0.627186
-0.383273
0.966395
-0.435252
-0.0730055
-0.00250611
0.96206
-0.370289
0.366083
-0.0682657
0.790618
0.458356
0.945023
-0.153895
-0.267911
0.0244066
0.492381
0.596929
-0.887646
-0.457517
-0.967375
0.178336
0.564091
-0.17934
-0.594324
0.695562
0.746453
-0.00654483
0.483943
-0.288124
-0.503984
0.323001
-0.681095
0.114354
-0.351411
0.430411
0.414437
-0.501471
-0.590728
-0.289789
-0.395458
-0.66335
-0.813243
-0.75853
-0.0853936
0.774223
0.13644
0.885971
0.616367
-0.2523
0.48803
0.569678
-0.702748
0.171795
0.472638
-0.880785
0.987973
0.960228
-0.437365
0.422497
0.27123
0.851107
0.573431
-0.311499
0.783116
0.30736
0.534618
0.598882
-0.700917
0.247194
0.263632
-0.781432
-0.0428429
0.749288
0.362937
0.686767
0.241181
0.336527
-0.584623
0.147524
0.348885
0.972652
-0.690184
-0.590009
0.71379
-0.916834
0.159253
-0.122757
0.273646
0.915107
0.721623
-0.888027
0.735554
0.622758
-0.570771
-0.758418
0.00147411
0.78444
0.48927
0.798383
0.403877
-0.459941
0.375162
-0.1991
0.0557259
-0.539932
0.190776
0.120475
0.306877
-0.803831
-0.599351
0.670776
-0.120587
-0.661348
-0.159156
0.918948
-0.768161
0.819595
0.0516976
-0.957466
-0.465068
-0.110369
0.707666
-0.866708
0.690286
-0.591495
-0.707135
0.270583
0.378235
