0.967492
-0.957423
-0.621223
-0.450763
-0.684505
-0.456828
-0.910605
-0.687501
-0.265671
-0.559014
-0.864091
0.455932
-0.859559
-0.821279
0.0105653
0.992297
-0.751973
0.918352
-0.0479868
-0.924447
0.473935
0.65899
0.132926
0.929867
0.276494
0.280206
-0.663169
-0.279165
0.00693757
0.454462
-0.809388
0.681733
-0.825208
0.669532
-0.882557
0.46943
0.57347
-0.0646878
0.244594
0.696333
0.429443
0.126474
-0.916153
-0.960598
0.585201
0.656255
-0.520541
-0.740291
-0.520861
0.52776
0.563525
-0.761709
0.561919
0.082274
-0.1424
0.90175
0.0536156
0.300052
0.914082
0.0467922
0.805073
0.207344
0.974649
-0.543466
0.799141
-0.413684
-0.916124
-0.366481
-0.113615
0.858698
0.448219
0.182282
0.260921
-0.847838
0.581635
0.403408
-0.534564
0.314495
0.155303
0.0932159
-0.73302
-0.0163443
-0.509095
-0.822585
-0.611787
0.705573
-0.126028
0.786872
0.475422
0.917476
-0.853374
0.566247
0.660777
0.580674
-0.918503
0.967458
-0.307748
-0.336465
-0.295631
-0.293497
-0.825903
-0.233282
0.00723754
-0.546064
-0.84082
-0.277668
0.146467
0.596389
0.885201
0.889585
-0.136111
-0.028394
-0.209263
0.134772
0.497561
0.417918
-0.855854
0.00939291
-0.983019
0.0144432
-0.14669
-0.952258
-0.828398
-0.893282
-0.0518142
-0.044986
0.00705466
-0.526686
-0.0466582
-0.465788
-0.496429
0.24313
0.818651
0.0734682
0.211881
0.65044
-0.655742
-0.706492
-0.799058
-0.936738
0.37652
-0.116521
0.0871112
0.848794
0.764953
-0.0544159
-0.0841963
-0.0764244
0.834539
-0.464003
0.0140851
-0.747642
-0.151002
0.828234
-0.625045
0.610805
-0.845214
-0.256309
0.533602
0.741156
-0.30934
-0.568443
-0.195986
0.188391
-0.387674
0.182842
0.723623
-0.976547
-0.518419
0.802016
-0.501339
0.113806
-0.304915
0.863458
0.062149
0.700615
0.485076
-0.428847
0.38093
-0.472052
0.346773
-0.672836
0.826176
0.393463
0.513961
-0.751255
0.323585
0.713823
-0.265739
0.345759
0.394066
-0.816505
0.64215
-0.57137
-0.640162
0.149619
-0.765993
-0.556367
0.165781
0.0781267
-0.742119
0.713259
0.836442
-0.0293319
0.807545
0.929639
0.740847
-0.0435573
0.180764
-0.402937
-0.125452
-0.782553
0.610109
0.648643
0.509226
0.0983043
-0.714694
0.655198
-0.767858
0.714478
-0.693697
0.325267
-0.561328
-0.798884
0.111185
-0.548974
0.00942531
-0.0923095
-0.853074
-0.173344
0.184499
0.911106
0.636863
-0.0287022
-0.470541
-0.746928
0.278522
0.62003
0.332766
0.0508474
0.425473
-0.77569
-0.721644
0.409783
-0.454939
-0.530691
0.720604
0.421127
-0.229362
-0.805172
0.53972
-0.266065
0.635516
0.356691
-0.790014
-0.678146
0.929671
-0.0963524
-0.923477
-0.333523
-0.121996
-0.570393
0.432742
0.922285
-0.789101
0.339893
-0.101332
-0.0861858
-0.410932
0.124422
0.16565
0.602051
-0.0435824
-0.644434
-0.577555
-0.973555
-0.534028
0.291845
-0.161916
0.674589
0.423735
-0.0318399
0.793913
0.15569
0.763368
-0.501248
-0.253283
-0.793898
-0.383125
0.8217
0.785473
0.355142
-0.113595
-0.441015
0.720641
-0.587884
-0.860692
-0.0321981
-0.657424
-0.694575
-0.81039
-0.835182
0.0655007
0.342937
-0.878023
-0.467628
0.815369
0.484252
0.878669
-0.905934
-0.382947
-0.751526
-0.956424
-0.691375
-0.968671
-0.407116
0.243381
0.106443
0.419478
0.90625
-0.383314
0.42867
0.635863
0.0655075
0.11315
-0.89904
-0.820442
-0.435164
0.310801
0.0762206
0.376988
-0.0455573
0.636964
-0.441504
0.245977
-0.932686
0.789969
0.301579
-0.210542
0.205787
0.755493
0.939557
0.0986727
-0.468103
0.451367
-0.386856
-0.315663
0.153849
0.238534
0.664274
-0.572238
-0.392639
0.582026
0.878901
-0.177256
-0.0707434
-0.389825
0.501863
-0.170638
0.332522
0.628489
0.0111125
-0.860176
-0.251555
0.528472
-0.460715
0.170892
-0.453649
-0.662402
-0.320027
-0.584262
0.0682322
-0.908273
-0.927369
-0.589934
-0.992105
0.501764
-0.793091
0.411913
0.856026
0.311076
0.832217
0.141629
0.49
-0.115695
0.866761
0.978678
-0.0345282
0.573273
0.683344
-0.00589775
0.784312
0.312902
-0.504907
0.839253
0.824739
0.00723059
0.739189
-0.863551
-0.968689
0.127162
-0.108995
0.154097
0.00455134
0.949826
-0.156059
-0.789395
-0.112358
0.524187
0.586699
-0.0770987
-0.843343
-0.463871
0.74897
-0.235567
-0.794987
-0.244754
-0.277911
-0.476045
-0.426241
-0.407282
-0.395691
-0.333261
0.305917
-0.875984
-0.416022
0.0777554
0.582833
-0.602333
-0.530346
0.739485
-0.222792
-0.629925
0.952868
0.91592
0.763316
-0.0948645
-0.146659
0.634949
-0.00753416
-0.486355
-0.801852
0.900175
0.393818
-0.277245
0.725881
0.632548
0.565262
-0.619047
-0.377718
0.617092
-0.935973
0.510665
0.156459
-0.394242
0.890338
0.960385
-0.78405
0.303599
0.254877
-0.774595
0.651582
-0.498707
-0.753815
0.863858
0.626331
0.624925
-0.252949
-0.344539
-0.0840124
0.0669623
-0.814742
-0.91924
-0.695123
-0.392421
-0.664505
0.370931
-0.0780972
0.612467
-0.979303
0.0857436
0.0227066
-0.620745
-0.0189663
-0.805078
-0.714511
-0.546857
-0.348244
-0.194761
-0.213231
0.833621
-0.805895
-0.292212
-0.425678
-0.122537
-0.986378
-0.702036
-0.701719
-0.0283673
0.753256
