7.82637e-06
-0.755605
-0.532767
-0.0470446
0.679296
0.383502
-0.830965
0.0534616
0.671149
-0.383416
0.417486
0.588977
0.846167
-0.0919649
0.415999
-0.910321
0.262453
0.736082
0.632639
0.991037
-0.247039
-0.72266
0.651519
0.631635
0.27271
0.766495
-0.237774
-0.359265
-0.486517
0.909208
-0.904653
-0.516292
0.986642
-0.266145
0.947764
0.500707
0.277082
-0.529747
-0.94098
0.761514
-0.827817
0.0158677
0.868247
-0.736225
-0.999458
0.233195
-0.351015
-0.591114
0.412081
-0.269317
0.537304
-0.287212
-0.15372
0.802406
-0.53445
0.955361
0.554584
-0.624849
0.159768
-0.71471
0.0909903
-0.0029996
-0.0268763
-0.937897
-0.180896
0.886991
-0.150335
0.385815
-0.499741
0.587187
0.590109
0.556146
-0.983305
0.14182
-0.252126
-0.464031
0.126031
0.31925
-0.126712
-0.621634
-0.247842
-0.389314
-0.0283752
-0.426497
-0.947487
-0.131189
-0.0921736
-0.0710636
0.253057
0.783153
0.349524
0.808945
0.651646
0.679592
-0.250126
-0.471262
0.600394
-0.755844
0.951367
-0.43933
0.688981
-0.987145
0.85127
0.537426
0.103434
0.576717
-0.440039
0.869264
0.80072
0.741716
-0.886031
-0.463323
0.713422
0.667679
0.199555
-0.865883
-0.543948
0.450347
0.215532
0.315732
0.881504
-0.467532
-0.365158
-0.999117
0.630488
-0.000595042
0.773352
0.319178
0.682494
-0.205262
0.708921
-0.0945488
0.764005
-0.213852
0.0810608
0.95216
-0.389854
0.692169
-0.776866
-0.42246
-0.193967
0.191824
0.244054
0.136455
0.60101
0.828355
0.987937
0.233599
-0.219411
-0.696007
-0.696243
-0.669521
-0.0564407
0.227008
-0.699834
0.762571
-0.553911
-0.329666
0.143045
-0.485325
0.813266
0.738997
-0.135332
0.310739
-0.518084
0.258843
-0.393018
-0.475896
-0.279293
0.369742
-0.671784
-0.513936
-0.720768
-0.460697
0.32156
-0.517145
-0.401833
-0.986503
0.670098
0.54171
-0.829239
0.27421
0.546137
0.266613
0.246733
0.694024
0.817101
0.160749
-0.707826
-0.582421
0.991533
-0.279512
0.171179
0.495691
-0.163081
-0.782992
-0.436426
-0.584787
0.0668498
-0.389731
-0.385769
0.659053
0.538661
-0.815932
0.686102
0.00934752
-0.52096
0.220685
0.0706349
-0.723764
-0.0506026
0.457162
-0.44649
0.285942
0.695637
0.681164
-0.0574753
-0.542393
0.856193
0.37755
0.576173
0.679332
-0.0355877
0.973356
0.351319
-0.607611
0.552862
0.356925
-0.974252
-0.251528
0.813048
-0.244586
0.694856
0.26362
0.116571
0.113676
-0.00607937
-0.599359
0.0825065
0.37531
-0.123637
0.0296353
0.494245
-0.93403
-0.359658
-0.499955
-0.671903
0.75677
0.230572
0.562602
-0.61661
0.224801
0.653012
0.744104
-0.0476386
0.124945
-0.48418
0.914025
0.593546
0.496582
0.441633
-0.771944
0.44279
0.467741
0.44593
-0.205341
-0.37252
0.964851
-0.0703352
0.526338
-0.517707
0.841576
0.42389
-0.713547
-0.871884
0.836598
-0.38906
-0.605603
-0.539505
0.401692
-0.0830857
-0.47238
-0.104969
0.802019
0.66882
-0.24375
-0.263663
0.0810055
0.232867
-0.491343
-0.266119
0.425191
0.963476
-0.795856
-0.171155
0.0638036
-0.292468
-0.825837
0.726443
0.802084
0.0453407
0.153315
-0.0617314
0.92915
0.204563
0.699691
0.494631
0.711571
-0.200645
-0.436096
0.861187
-0.444519
-0.523772
0.753174
0.822891
-0.232078
-0.430618
0.987325
0.850531
-0.311605
0.997599
0.468075
-0.690773
0.541535
0.159216
0.821334
0.0410748
0.110019
-0.518773
-0.561484
-0.516908
0.737175
0.0227995
-0.670991
0.0662903
-0.921117
0.380115
-0.167313
0.691126
-0.713695
0.589809
-0.929698
0.50597
-0.919236
-0.723836
0.490817
-0.976116
0.273251
-0.698558
-0.0974325
-0.610738
0.495125
-0.588888
-0.151217
0.731364
-0.0516167
0.320642
-0.245142
0.382969
0.597169
0.935251
-0.513148
0.650128
-0.407538
0.479783
0.534199
0.605538
0.703369
0.938254
-0.413494
-0.783002
0.681491
-0.527413
-0.143684
0.251422
0.00481561
-0.275353
-0.278929
0.50682
-0.416475
-0.436491
0.766175
0.441265
-0.297064
-0.33851
0.0556062
-0.485286
-0.114475
-0.864609
-0.367395
-0.162204
-0.0577229
0.468101
0.883705
0.412248
0.308327
-0.814416
0.919492
0.770046
-0.572442
0.803268
-0.861622
0.869494
-0.389172
0.52567
-0.420038
0.749145
-0.338085
-0.743126
-0.879162
-0.710114
-0.359379
-0.161029
0.0964286
0.562612
-0.878192
0.635205
0.878413
0.113071
0.38262
0.12174
-0.143302
-0.708588
-0.390967
-0.628767
-0.908691
-0.859213
0.428873
-0.498631
0.450735
0.740759
0.300122
0.110018
-0.972476
-0.23841
0.833474
-0.129482
-0.339119
-0.440268
-0.432877
0.382317
0.429473
-0.670197
0.698066
-0.849278
0.793382
-0.00960789
0.639058
-0.644898
0.377364
-0.3895
0.693589
0.291525
0.854365
-0.144142
0.0055882
-0.381955
-0.344456
0.291
-0.124391
-0.0486974
0.376817
0.755856
0.0115306
0.560914
-0.41556
-0.51459
-0.842044
-0.465007
-0.0500431
0.202449
0.831524
-0.839549
-0.181196
0.93411
0.36904
-0.62783
0.405786
0.44485
-0.748311
-0.131023
-0.665308
0.581285
-0.982032
-0.921473
0.967723
0.278796
0.590459
0.834691
0.730448
-0.349529
0.664147
-0.869188
-0.917967
0.951753
-0.416007
0.962535
0.526182
0.818107
-0.662893
0.941429
-0.126034
0.886726
-0.162958
-0.602405
0.838679
0.391555
-0.667348
4.02252e-05
-0.628753
-0.574346
0.351393
-0.370837
-0.57643
0.744468
0.442624
-0.0918009
-0.992419
-0.0330036
-0.487212
-0.895724
0.688594
0.48172
0.94712
0.953262
-0.127088
-0.857156
0.00700794
-0.0503933
-0.641374
0.137093
-0.824627
0.655888
0.526454
0.903056
-0.277586
-0.391493
-0.243001
-0.728307
0.201217
-0.0225564
0.187979
-0.779658
-0.666364
-0.351173
-0.292091
0.223697
-0.404765
-0.579362
0.43724
-0.834283
-0.849068
0.264662
-0.533532
-0.998736
-0.122221
-0.425107
-0.213568
-0.0330772
0.106043
0.482049
0.257524
0.282464
0.208123
0.764064
0.575853
0.907848
-0.114107
-0.698163
0.747969
-0.894964
0.345891
-0.215049
-0.0177851
-0.78547
-0.729983
-0.877797
0.343425
0.362191
0.0806552
-0.776393
-0.493295
-0.642734
-0.352314
0.281545
0.626152
-0.15754
0.251955
-0.854603
0.608444
0.373662
-0.261863
-0.202817
-0.0709501
0.963244
-0.197518
0.0813265
-0.152563
0.809124
0.0455203
-0.829722
0.801168
0.399215
0.655206
-0.986364
0.41358
0.108049
0.867119
-0.834369
-0.716939
0.22254
0.00157362
0.409766
0.0224617
-0.376501
0.793872
-0.331804
-0.653873
0.25912
-0.987042
-0.642325
-0.376933
-0.449107
0.5858
0.483601
0.0815947
0.100809
-0.841668
-0.827927
0.81328
-0.839796
-0.642095
-0.815759
0.193634
-0.930652
-0.378445
-0.227756
-0.985847
0.458481
-0.279015
-0.739932
0.303932
0.813189
0.717761
-0.785073
0.577059
-0.798596
0.627795
0.471857
-0.52962
-0.857925
0.399142
0.846436
-0.456879
0.292495
1
-0.741617
-0.796585
-0.600734
0.251693
0.575624
0.747701
0.989635
-0.554778
0.10701
0.2463
0.334365
0.0693666
0.876262
0.1454
-0.661891
0.585027
-0.494116
-0.92483
0.256384
0.620714
-0.0241668
-0.610723
-0.568438
-0.373973
0.376277
-0.583115
-0.110807
0.685165
-0.871871
0.974538
-0.475344
0.992179
0.698705
-0.474984
0.445107
0.439511
-0.997177
-0.124284
0.190258
0.656273
-0.457616
0.139185
-0.972964
-0.852208
-0.925623
0.466668
0.460251
-0.866139
-0.384766
0.814225
-0.721585
-0.313986
-0.688042
-0.165764
0.176306
0.198052
0.674452
0.323405
0.320824
0.870438
0.147775
-0.941981
0.660927
0.170347
0.165414
-0.361192
0.963839
-0.0238609
0.886172
0.913224
0.172576
0.814419
0.583064
-0.471753
-0.332312
0.512964
-0.828165
0.00477785
0.454566
0.843533
-0.733911
-0.422961
-0.405874
-0.52556
-0.403688
0.264789
0.184968
-0.620673
0.327313
0.184355
-0.53318
-0.92577
0.0311874
-0.565061
0.140259
-0.309118
-0.162868
0.379582
0.602311
-0.335103
0.544029
0.287871
0.43932
-0.325579
0.972696
-0.318377
0.349269
0.985489
0.041885
0.785281
-0.101461
0.437511
-0.282594
-0.882302
0.670468
-0.757833
0.85338
-0.23395
0.261283
0.299503
0.991835
0.42861
-0.463801
-0.18188
0.503358
-0.898036
-0.629141
-0.544049
