0.0208183
-0.41353
-0.0957506
-2.05567
-0.983875
0.405185
0.301634
-0.33085
1.09389
0.0562135
0.971769
-0.21337
-1.12991
-0.23925
2.08335
0.297647
-1.58804
-1.36438
0.865497
0.63718
-0.0382839
0.865849
-1.62746
-0.172786
-0.202238
-0.303252
-2.74693
0.211983
-0.648229
-1.99277
1.43847
-0.86171
6.99429
-1.25981
0.211481
0.601397
-0.649577
-1.3491
-1.22054
0.850488
-2.17559
-0.771123
2.75226
-0.882989
-3.17683
-1.19339
-1.86026
-0.879887
2.75729
0.338427
-0.107442
-1.68985
1.34008
-1.53827
-1.20693
-0.919122
-1.12609
-0.978494
3.95354
-0.943627
-1.25775
-0.531947
-1.39683
0.0747471
0.794673
0.98979
-0.230548
0.000426602
0.16865
-0.364848
0.66632
-2.05899
2.83613
-1.01288
-4.39205
-0.980048
-0.566199
-0.460994
1.36446
-0.743387
-0.0217084
-0.792249
0.155355
-0.477488
-0.943584
-0.106013
-2.40644
-0.283638
0.0677028
-1.03696
-0.432237
-0.496613
-2.05142
0.186059
-0.784106
-2.61963
-3.04063
0.345546
-1.92137
2.1822
0.0325646
0.296217
1.25313
-2.6197
-1.64499
-1.79619
0.134001
2.14571
0.456705
-1.08287
-0.822593
-0.337091
0.336381
-0.657381
-0.473923
1.35244
-0.284707
-0.665568
-1.176
0.443736
-0.853569
-2.07381
0.227085
-0.233539
1.76217
-2.31291
0.0529713
-1.11713
0.277643
-1.23385
1.90359
-0.102589
-3.39597
0.419241
-1.76636
-0.51144
-0.377652
-0.276914
-1.57634
-0.203776
0.921571
0.645524
-1.36995
-0.95931
-3.05138
-1.42006
-1.6059
-4.40923
1.64395
2.34278
-0.894992
1.99052
0.897368
1.17287
-1.32632
-1.17265
-0.369297
1.10129
-1.33202
0.667546
-1.50155
-1.48321
-0.0329619
-3.96201
-0.936273
-0.483955
4.31818
-1.90053
-1.81667
-2.31127
-1.28979
-0.40996
-0.960825
0.381107
1.36513
1.20971
-0.870422
-0.506487
1.95439
-0.274437
-1.65213
-0.860071
1.42644
6.03251
-2.01674
-1.40483
3.08188
-1.52897
-0.234021
-0.924124
-0.646974
0.738953
-2.32215
-0.666707
-0.0444768
-0.293171
-0.357065
0.962453
-1.6465
-0.816329
0.486613
0.398147
1.6684
-0.634945
0.599563
0.108355
0.335687
-0.562569
0.197988
-0.615059
0.857847
0.132505
0.582513
-0.575935
0.454887
1.19192
0.452202
0.778364
-0.291031
0.301181
-0.927693
0.650965
-1.02299
0.654079
-0.2068
0.479618
0.364277
0.0601487
-0.458052
0.748403
-0.742132
-0.395669
0.142584
-0.462577
0.85318
0.817477
0.080544
-0.187834
0.689595
-0.438221
1.41167
1.15853
-0.0178596
-0.287772
-1.09337
0.173229
-0.39937
-0.281425
0.328941
-0.662336
-0.350537
-0.240346
0.848151
0.476009
0.583715
0.762908
0.286864
-0.822378
-1.23608
-0.685966
-0.51967
0.150871
-0.57332
0.501844
0.216822
0.494123
-0.934404
-1.0403
-0.260714
-0.517926
-0.065739
0.427828
1.87108
0.951811
1.5278
-0.391776
-0.252818
-0.624538
0.190439
0.496217
-0.305377
0.688603
0.0586259
-0.0890747
0.333859
-0.730288
1.07574
0.706244
0.724721
-0.526004
-1.18556
-0.0838991
-0.276115
-0.0382815
-0.820787
-0.484769
0.819817
0.734062
-0.416797
-0.0660753
-0.0504516
-1.11018
0.157515
-0.243075
0.616231
0.835219
-0.233881
-0.73469
-0.317957
0.196484
-0.945158
-0.454549
-0.832329
0.849148
0.406822
0.356686
-1.1436
0.192638
0.326056
-0.139506
-0.0746513
-0.441175
0.0744422
0.29177
-0.234891
-0.351821
-1.02055
-0.79939
-1.21365
-1.26901
-0.35422
0.399716
0.406139
-0.73543
1.36839
-0.32498
-0.941347
-0.628919
-0.318596
0.392954
-0.22651
0.359181
-1.42759
-0.320425
0.133825
-0.491334
0.378815
2.51052
0.441469
0.194348
-0.33619
-1.1338
-0.823616
0.0301357
-0.0367243
-0.256013
-0.953321
-0.9077
-0.0254717
-1.29872
0.562396
-0.705439
0.311749
0.87414
0.559823
-0.425762
-1.28544
-1.16253
-0.860938
0.137268
-0.669711
-0.384789
-0.75009
-0.726489
-1.04225
-1.17766
-0.921903
-0.906267
-0.145058
-0.397694
-0.485047
0.387
0.187684
-0.358204
-1.29107
-0.380954
-1.55426
0.533886
0.329839
-1.20186
0.621057
-0.617988
-1.07788
-0.149908
-0.315079
0.591927
-0.499153
0.296771
-1.02277
-0.30813
-0.452967
-1.12165
-2.05539
3.51873
0.39375
1.51282
-0.556051
1.94751
0.40108
-2.29649
-0.574867
0.914831
-0.0198521
-2.22589
-1.24599
-0.169101
-1.0272
0.0178551
2.24457
-4.71578
1.05868
-1.40767
-0.360012
0.84291
0.709311
0.939405
-3.23304
-1.37064
0.498763
-0.141456
0.427804
-0.485391
0.648421
-0.65298
-1.81032
-0.939714
-0.424383
-0.305185
-0.606641
-0.279242
-2.90598
-1.33131
0.592044
0.439407
1.26068
0.978089
-0.951475
-0.505367
-2.4588
0.459848
0.236651
-1.28491
2.00219
-2.04911
-0.603813
0.743453
0.598328
1.42909
-0.357696
-1.53534
-0.845979
0.585965
0.160521
-0.146565
1.4107
0.181989
-0.724204
0.267025
0.555893
4.62593
0.301048
-0.274499
-0.897426
0.949291
0.848077
-0.687892
-0.619153
-1.06146
0.691527
0.636724
-0.223583
0.059559
-1.15723
0.641492
-0.206029
-0.177128
-2.20946
0.0772674
1.42964
-0.503784
1.02602
-0.717869
-1.26819
-1.03898
3.18857
-2.75565
-3.0623
-0.91134
-0.940976
0.0476054
-1.12544
-0.190962
2.11869
-0.244825
-0.261943
1.96789
-0.772299
2.54018
1.08198
-0.77535
-1.40252
-0.738326
-0.164004
1.2416
-0.836783
-0.921643
-0.736094
-0.652165
0.38276
0.883813
1.9289
-1.83138
0.166328
-1.67777
-1.16233
-1.73487
0.121682
0.243062
1.57944
-1.59912
0.23831
0.41363
-0.5551
0.0626433
-0.677231
0.591315
1.63686
0.218578
-0.547363
0.788029
0.273492
1.29019
0.759365
-0.60093
1.47984
2.58133
2.52606
1.10125
0.50018
0.0193338
0.0784321
0.881298
1.85084
-0.484742
0.874745
-2.03752
0.132242
0.166859
-0.201521
0.158683
0.276676
-1.23647
-0.682875
0.109925
0.937182
-2.31859
-0.299632
-2.35371
-1.25871
-0.395476
-1.76911
-0.180011
0.116758
-3.16167
-1.03021
-1.32351
0.353585
-0.680729
-4.19745
-0.277919
2.54261
-0.416782
-1.02004
-3.84988
-2.13798
2.36772
0.193221
-0.508321
-0.925858
-1.58628
-1.08855
0.836197
-1.87747
-0.489798
1.02962
-0.838513
-0.110064
0.806518
-0.808876
0.448094
0.302701
-0.457553
1.18293
-1.46444
0.0122058
0.421461
0.430975
-0.237447
-1.49137
1.7841
-1.4915
0.231863
-1.12729
-0.432686
-0.690217
1.60736
-0.766884
0.99125
2.38536
-0.980523
-0.605195
-0.897636
0.873422
-1.31157
-0.65913
0.23349
2.21923
0.773494
-0.693095
-1.15622
-0.345825
0.806507
-3.05203
-0.508562
-0.571493
-0.72985
0.664354
0.771141
0.0584515
0.00460563
2.5702
-1.98698
-0.0483858
0.0192779
-1.26361
-0.120093
-0.0345264
1.60902
-1.29859
1.74096
-0.0484202
-0.509191
-0.769856
-0.845928
-2.14571
-1.16816
-1.09772
0.0833447
-2.67855
-0.738724
-1.82555
0.694547
-1.95719
0.0487337
0.190384
0.300061
0.0615744
-0.554846
0.592385
-0.0882701
0.613677
-1.37909
-2.93211
1.34562
-5.17418
0.104963
0.836931
0.0318387
-1.94098
-1.0236
0.584833
-0.951348
-0.358872
0.443372
-1.4695
-0.92569
-1.17162
0.2402
-0.779822
-2.62973
0.794234
-0.0937943
1.37242
0.17147
-0.461057
-1.43443
1.28951
0.161658
-2.80899
-1.3459
0.207633
1.74376
-0.018914
0.317693
1.49773
-1.61142
0.412464
0.0199729
-0.718868
1.10043
-0.271071
-0.62225
-1.04279
0.867103
0.592823
-1.05642
0.527837
0.79357
0.581503
0.437293
4.14053
3.64286
1.60047
-2.52186
-0.463491
-2.41286
0.623864
0.79258
-0.0562871
-0.839782
-0.403988
0.998322
-1.07566
1.70911
2.37746
1.78744
-1.4516
-0.295881
-2.298
1.10778
-2.16397
1.4373
0.0671294
-0.802435
-1.97359
-1.45657
1.29282
-1.02119
0.409221
0.368795
-0.671837
-0.20951
-1.40355
-1.10312
-2.27543
-0.250927
-1.24333
-0.410039
-0.732284
0.294276
-2.28225
-1.14271
-0.814441
3.04893
-0.707662
-2.51199
-0.73074
0.539309
1.04322
1.47496
-0.964771
-0.167881
-2.44872
-0.898665
-1.28239
0.371437
0.969247
-0.60347
-0.574843
-0.608642
0.189715
0.012945
1.28304
-0.427343
0.823216
-1.60862
0.027133
1.65591
-1.54736
-1.36088
-1.08709
-0.234095
1.18603
0.0523469
-0.326465
0.47056
-0.0280615
0.878107
0.537006
-0.895783
-0.257813
-0.539641
0.952488
-1.0219
-0.271428
0.520517
0.557367
-5.15699
-0.841452
0.825643
-0.829689
-0.5065
1.04631
-1.90465
-0.0571918
-0.20388
-0.363292
0.883412
-0.738141
2.45548
-0.268742
-0.812391
0.261748
-0.567566
-0.428096
-0.509508
1.98391
1.63993
1.07869
-2.30381
1.44454
-0.905787
-0.943504
1.48172
0.793849
0.042996
-0.518868
-0.542457
1.12336
-0.555275
-1.5746
0.239807
0.461684
-0.44227
-1.81999
0.581242
-0.880312
0.993149
-0.825742
0.483872
0.0292992
1.82264
-0.174009
0.280319
-0.0526865
-1.00351
0.654444
-1.14844
-0.0184653
1.84559
-0.591117
-0.502956
-1.87792
-0.344255
-0.88132
0.210403
0.249443
-0.774175
-1.12212
0.673005
0.812355
1.20852
-0.0431495
0.231965
1.21612
0.583755
-1.45604
0.0266521
-0.861699
-1.17036
-0.213138
-0.522227
0.609177
0.643986
0.33332
1.41524
-1.04987
-0.0458955
-0.625583
-2.06578
-0.458136
-0.234285
0.123225
0.00663201
-1.09601
3.11033
0.785956
1.13772
1.97192
0.162399
-0.545153
1.37897
0.915955
-1.11786
-0.891711
-0.752424
0.895478
-3.32073
0.570395
0.482323
0.599068
0.535031
1.42276
0.0587505
-0.639677
-0.141028
-0.50244
-0.526644
-1.32647
-0.248468
-0.303661
0.94306
-0.801407
4.41233
-3.36046
1.34219
-1.06919
-0.741107
-0.726292
-0.931283
-1.26524
0.594532
-3.18741
-0.588367
-0.666615
-0.916391
-2.82522
0.367339
2.0188
-1.41467
1.81029
-0.708512
1.28914
-1.00151
-0.0625184
2.79258
-3.52697
-0.688474
1.02605
-0.369887
-0.968897
-0.350867
0.0157504
-0.582802
-0.967598
1.25849
0.303233
-0.146261
-0.094004
-0.505083
-0.307768
1.51315
-0.210959
-1.08635
-1.52265
-2.33306
-3.30024
1.48596
0.0630105
-0.431825
1.85276
-1.02678
-0.578166
0.752367
0.453249
0.462396
1.29973
-0.873051
-1.5215
0.333668
-0.515612
-2.2592
0.408457
-0.283319
-2.18162
1.29302
-2.32616
1.27721
-0.0239498
-0.357294
0.637994
-0.706709
-2.03092
-0.223003
-2.7204
-0.0893823
-0.522671
-0.624041
-0.242814
0.0229966
0.490575
1.22638
0.560421
-0.87629
0.15132
-0.20112
1.92426
-0.582273
-0.774821
-1.63991
-0.988524
1.05919
0.156716
-0.525545
-2.31576
-0.419035
-0.755225
0.265717
-1.35712
-0.745314
-0.0100125
1.83016
0.654005
0.450828
1.11596
0.661945
3.41964
-1.17323
-0.0274289
1.36695
0.0168508
0.763339
-8.07252
-0.10097
-0.832143
-0.171989
0.105464
-0.919489
-0.265294
-0.764355
1.60121
0.586683
0.827408
-0.333849
0.966579
0.244552
-1.9408
-0.204764
-1.37564
0.96433
-0.00528019
-0.15153
-1.31669
2.34992
0.595245
0.136839
-1.51048
-0.611271
-1.00698
-0.129406
-0.372293
1.38374
-0.174745
0.592253
-0.205649
-0.0333314
0.733222
0.730293
0.280243
-2.09107
-0.0297327
-3.61025
-2.7968
0.947674
-5.14922
0.203339
-0.565676
-0.188406
-1.06831
0.405403
0.608098
-0.017319
0.0174506
-0.339947
1.19102
-0.289118
-0.441809
5.28562
0.216239
6.84502
-0.261406
-0.0741086
0.568779
-0.0750292
1.59881
0.106107
-1.50548
0.346584
0.00595039
-0.97956
-0.251489
-0.0359302
1.42361
-0.939245
-0.679256
-0.504211
0.320403
0.784988
0.885502
-0.713179
-0.341832
-0.319619
1.09328
-0.69001
-1.43365
-0.00343703
-0.0280362
-0.0941734
-0.543806
0.0346784
-1.30489
-3.19241
0.641316
-0.615626
0.576045
2.16256
1.34747
0.0565813
-0.430519
1.15879
-0.922434
0.226573
6.84424
-0.177401
-1.53411
0.0550713
-1.81397
0.0818587
-0.542109
-0.35614
0.119353
-0.243113
-0.0391828
-0.1566
-0.455803
-1.78371
-0.0669139
0.0611264
0.445114
-1.46793
0.332804
0.738677
-0.147418
-0.0561599
1.33479
0.0226458
1.37663
0.187519
0.143986
0.913417
-0.891842
-0.129239
-0.573008
-0.191819
-0.25908
-1.55164
-1.5205
-0.643278
-0.14834
-0.809357
1.37649
-0.579746
0.0795112
1.3444
-1.37605
-0.0598152
-0.641158
-0.651919
1.23337
0.39503
-0.464999
-0.150367
-0.19375
1.24994
-0.665835
-0.481522
-0.89883
0.111878
0.699392
-0.650914
0.0448858
-0.0836911
0.889494
-1.11606
0.412665
0.53514
1.02358
0.393617
1.1682
0.657634
0.21397
-0.278958
0.349835
-4.04779
-0.597675
-0.319396
-0.30212
-1.27728
-0.612142
-0.334828
-0.332802
0.154005
0.0504964
2.74808
-0.678258
-0.0743365
0.180648
-0.182461
-0.708067
1.64156
0.0871658
1.01701
0.282989
0.732959
0.288774
0.572218
-1.83591
-0.135327
-0.297259
-0.10582
0.209796
0.157734
-2.64268
-0.644156
0.225403
0.00327065
-1.02464
0.317246
-0.66234
0.0734626
-0.694491
-0.0855541
-0.0743563
-0.407887
-5.6547
0.641235
-2.24123
-0.731751
-0.873734
-0.633145
-0.509518
-0.904305
-1.07779
1.1037
-0.220116
0.817384
0.888188
-0.448735
-0.400425
-0.36118
-0.1031
-0.0975467
-0.505995
-0.172203
-0.728224
0.493475
0.356626
0.8588
-0.300239
-0.110642
-0.434355
-1.72371
0.15289
-0.668896
-0.264946
-0.38569
0.112994
1.68127
0.15583
0.0187416
-0.0922334
-0.125222
0.209254
-0.0910987
-0.0487347
-0.30811
-0.83016
-0.409086
-0.210514
-0.944965
0.289013
0.0709154
-1.44925
-0.922458
-0.483315
0.60762
-2.25398
-0.170777
-2.61099
-0.314353
0.198371
0.138997
-0.00615925
-0.320516
-1.23707
0.183821
-0.663295
-1.58833
-1.45963
0.913927
0.284831
0.416699
0.399127
-0.661948
0.646908
0.432014
0.811585
0.405909
0.845075
0.200371
-0.931472
-3.29049
-0.911296
-1.09197
-2.25243
0.801372
-1.8823
-1.20232
-1.65109
-0.19705
-0.476412
0.0289476
-1.05313
-0.135509
-1.37095
-0.408276
-1.14792
-0.0865817
-0.528788
-0.412588
0.769445
0.423157
0.0824122
1.87646
2.76438
0.242032
-1.14237
-1.00139
3.84124
-3.11138
-0.228423
0.781537
0.0181446
-0.0361859
0.0051055
0.646642
-0.145471
0.428521
0.252076
-0.286747
1.14586
1.52642
1.34122
-2.40533
-1.93065
-2.50712
-1.06611
0.697793
0.0231673
-1.38162
-0.0588865
0.434201
1.84092
0.117603
0.0902415
0.0186773
0.47982
0.450013
-0.567738
0.540444
0.324375
-0.152789
-0.111753
0.37376
2.66846
-0.0657522
-0.656738
-1.30459
1.335
-0.940694
-0.217523
-0.00385557
-0.758338
-0.0976713
-1.25872
0.33531
-1.30974
0.351384
-0.366405
0.0436083
-0.16536
-1.78866
-0.390944
-0.851953
0.412937
-0.314698
0.70955
0.539104
0.201243
0.930914
-0.0411979
0.0267281
0.373053
0.0918353
-0.695152
0.808749
-0.671824
-0.19361
-0.167495
0.933205
0.500957
0.257771
-0.0694068
-0.182923
0.0358292
0.147036
-1.62473
0.769003
-0.0186907
1.47001
0.0771953
0.757971
-2.13601
0.644018
0.402193
-0.244503
1.24419
-0.183391
0.349921
0.445025
1.16706
-0.160538
-0.311651
0.692105
-2.12666
-0.113101
0.426633
0.478228
0.615724
-0.802894
0.424798
-2.68373
0.582676
-0.127681
0.89877
-0.404908
0.122844
0.745599
-0.551825
0.695449
-0.296311
0.886362
2.03347
1.24575
-0.0668514
0.171491
-0.111525
0.282296
0.455557
-1.68757
-0.208774
3.0905
0.142347
-0.369746
-0.616605
0.192918
-1.17684
0.242364
-0.0232351
0.145725
-0.0272347
0.664301
-0.0237801
0.137757
0.0972863
-0.0907918
1.24471
-0.505914
0.850503
0.576364
0.491643
-0.162137
-0.860006
-0.404724
0.275243
-0.211808
3.02387
-0.317392
-0.558972
-0.0999471
-1.52364
-0.583079
-0.74378
1.41696
-0.9216
-0.842358
0.67319
-0.0384261
1.5584
0.0114218
1.29549
0.195784
-0.234891
1.00224
0.281282
-0.118316
-0.676817
0.127434
0.763683
-0.112132
-1.21
-1.25425
0.0279499
3.34452
-0.123751
-1.21807
2.45636
0.989125
1.23672
0.341688
-0.527476
-0.0913716
0.0301326
-0.0427935
0.877603
-0.00790429
0.956066
0.162101
-1.73444
0.0212004
-2.49567
-1.18005
0.00128823
0.129381
-0.255604
0.353558
-0.503201
-1.02966
-1.38413
0.0446637
-0.0626882
0.147236
1.31948
-0.654713
0.383878
-0.119941
-0.47996
-0.089182
0.177629
-0.142271
1.10207
-0.746616
-0.15603
-0.278199
0.201144
3.32967
-2.21816
-2.50725
-0.944269
-0.742272
1.01686
0.135475
-0.240127
0.563883
1.46905
-0.527046
-0.224427
0.150227
-1.55119
-0.685437
-1.91225
-0.658675
0.546185
0.155222
-0.0434536
0.964127
-2.18159
-0.690841
-0.961599
-0.786611
-0.491152
-0.00588406
-0.647655
-0.222832
-0.763895
-0.306864
1.45674
0.229807
0.394237
-0.407512
-0.25
1.75054
-1.12463
-2.65915
0.159233
0.208762
-0.158589
-1.52256
-1.23229
-1.75393
-0.156854
-1.69197
-0.659496
-2.25758
-1.71627
-0.456442
-3.07482
0.013976
-0.505648
-2.85411
-0.826663
-2.04792
-0.645616
1.10653
-0.522736
-0.983365
-2.1117
-0.396223
0.237488
-0.788209
-0.199614
-0.573773
-3.45546
-0.424523
-3.21614
0.43402
-1.54939
0.612337
-0.0605753
-0.256499
-0.935339
0.85479
2.62072
-0.44604
-7.93982
0.111856
-1.11718
0.727914
2.24105
-0.664109
-0.451901
-1.36623
-0.178645
-0.0791891
-0.654095
-1.19119
-1.77062
-0.146748
-4.2961
-0.670121
-0.0578638
-0.170588
-1.53833
-0.0505129
-0.300776
-0.0313893
-0.519776
-0.837452
-0.479561
-3.56888
-0.566941
-2.77358
-1.9744
-2.12773
-4.23691
-0.635129
1.28849
-0.96199
-4.91495
0.316396
-1.25388
0.295653
0.178962
-0.18348
-0.98489
-0.683829
-0.347242
-3.13548
-1.00154
-1.78413
-1.37867
-0.926109
-0.567176
1.52059
-0.856244
0.917568
-3.47423
-0.496896
-3.19774
-0.564823
1.02905
0.518
2.80556
-0.637317
1.80797
2.39673
1.32621
3.25146
-0.00523224
-1.18133
-1.22284
0.100743
-0.592877
-1.1661
-1.95525
-0.196284
-1.01521
-0.465535
-1.00958
-0.459762
-2.29018
-3.00734
0.321839
-3.46862
-7.22798
-0.0318476
1.68902
1.26443
0.000964609
1.22837
-2.10446
0.376145
-3.59152
-0.760528
-2.01679
-0.167538
-2.03471
0.639316
0.566929
-0.875158
3.05712
0.84989
0.834139
0.53586
1.06849
-1.03825
-2.01942
2.26429
0.185507
0.67836
0.643522
-0.0549974
-0.228552
-0.461001
-3.04811
0.776194
1.54468
0.60694
-0.586253
1.51521
-0.876558
-0.829791
0.261097
0.139873
0.28942
-4.97981
-1.66598
-0.982156
0.646148
-0.12702
-0.245793
-0.548981
-0.486234
-0.136771
-2.92561
-0.148547
-1.36453
-1.08664
-2.18562
0.347198
1.42675
-0.0458467
-0.45481
-0.316864
-5.30584
1.02995
-0.23052
1.40382
0.157824
4.47067
1.67609
0.0147306
0.359462
-0.799971
-1.29017
1.5588
-1.77764
-1.17762
0.091127
1.48998
0.0850242
1.14232
0.938117
-0.231186
-0.443088
0.160014
-0.623333
-1.93744
0.0215367
0.231879
-0.190495
0.505984
-0.24756
-0.47549
1.06612
-0.909156
-1.31092
0.000447531
-0.362127
-2.82736
-0.218542
-0.205522
0.852185
-1.03792
0.237414
-0.442009
-0.025861
0.127793
0.247021
-0.972969
1.29888
-0.475058
1.90173
0.41418
1.59783
-0.022506
-0.246121
1.04605
0.318743
-0.535816
-1.18532
-1.531
-0.175737
-0.216166
-0.186126
-0.490421
0.343218
0.859242
1.41497
0.468172
-0.00680569
1.61298
-2.4694
1.4564
0.913884
0.6035
-0.352016
-0.0190289
-1.35256
0.596339
1.43944
-0.656828
-2.10485
0.300841
-0.0449398
0.208514
-0.297846
0.0551953
0.537359
-3.68492
0.145669
1.43063
-0.839297
0.125635
-1.37763
-0.258451
1.23383
-0.0185737
1.27326
0.0953403
0.859879
0.562217
0.0746081
-0.132046
0.317231
-0.116514
2.10578
0.053378
0.0526824
-0.173358
0.684578
0.0759574
0.52369
0.163521
-0.604936
-0.473224
-3.46303
0.427849
0.383334
-0.00478699
0.756399
-0.309891
-0.58301
0.585914
0.775461
-0.341915
2.1357
-2.08329
-1.95389
0.716774
-0.178019
-0.14353
-0.794371
0.0923605
1.35785
0.100918
0.000459607
-0.206336
0.738454
0.18004
-0.556096
-1.35314
0.315278
-0.347518
-4.99228
-2.51476
1.50094
0.766561
0.946039
-0.736871
-0.799982
0.533981
-1.21591
0.211854
-1.0273
0.211355
-3.80664
-0.0136148
-3.20665
-0.503484
-0.000714994
-0.291002
1.32377
0.0434666
-0.0573011
1.50553
-3.00263
-1.92803
-0.102902
0.724788
0.335536
1.22384
1.62958
0.0480663
-0.430374
0.498102
-1.31733
0.525784
0.0283601
0.162278
-2.90551
0.563458
1.36831
-0.0810963
0.809518
-2.7772
-1.23938
0.928685
0.536207
-1.23265
-0.689486
-0.172641
-0.664894
-0.220492
1.6761
-0.369875
0.599028
-0.598411
3.47164
-0.263856
-0.812682
1.39573
1.7997
1.98311
-4.11772
0.0301826
-0.368936
0.444855
-0.685141
-0.470289
-0.187883
0.599087
0.353463
-0.657071
-0.907537
0.373583
-0.604231
1.0218
-0.204336
0.283954
