-0.143343
-1.73691
-0.404777
-1.56917
-0.62558
0.500246
0.0934727
2.2772
2.35829
-0.295779
1.24466
-0.729097
-1.05426
-0.472028
3.18278
-0.0825555
-2.16065
-1.70394
0.0818803
1.50855
0.253832
3.64237
-1.64777
-0.000426948
-0.0452417
-0.714045
-4.27506
-0.175894
-0.562068
-2.70684
2.14587
-0.960012
10.9652
-2.23185
0.190491
0.572054
-0.851407
-1.70537
-1.59109
1.05883
-3.75255
-2.43963
5.58867
-0.536885
-5.00837
-1.48118
-4.28808
-2.12235
2.19981
1.6144
-0.335867
-2.21135
3.31471
-0.543907
-1.24972
-0.938896
-0.781145
-1.28153
8.7265
-1.25552
0.275453
-0.517877
-1.47634
-0.223582
1.28122
1.305
-0.469969
0.128004
0.361311
0.0109319
0.401681
-2.8994
3.82576
-0.704296
-5.3244
-0.965621
-0.887994
-0.299445
1.67694
-0.96969
-0.115022
-1.07831
0.0626433
-0.172352
-1.17145
-0.274133
-3.25763
0.621764
-0.147187
-2.37077
-0.675357
-0.222431
-3.47514
-0.68665
0.125923
-3.41672
-4.57726
0.21933
-3.25465
3.40248
0.0137449
-0.22804
-0.288436
2.37499e-06
-2.02643
-5.69806
-1.10562
2.28802
0.26143
-2.31007
-2.14742
-1.58643
-0.602532
-0.270653
1.00922
1.15535
-0.178742
3.94214
-3.92187
0.242472
2.61421
-1.19445
2.02901
-0.22779
3.35783
-2.24062
0.257733
-2.20136
-0.47894
-0.0559446
7.69446
0.466481
-4.54618
-0.283206
-2.9433
-1.24168
-0.490576
-0.0381018
-3.15454
0.043318
0.00904908
-1.24014
-2.15961
-0.00482477
-2.46642
0.645664
-2.17115
-9.33714
5.35513
11.5278
-2.85397
0.600313
0.155062
-0.525052
-3.90423
-3.36934
1.3509
3.87034
-4.1549
-1.91606
-3.90988
0.699387
-1.01596
-4.10894
-2.26519
-3.26329
13.9185
-3.50057
-3.06662
-6.2217
-2.39156
-1.56383
-2.07049
-0.00796502
4.8272
10.7881
-3.34979
2.43552
3.54124
1.88747
-0.000233037
-0.669828
2.68604
14.8853
-2.13167
-4.85718
11.4312
1.18107
-3.59776
-1.97043
0.11263
-1.03161
-4.64493
-0.934156
2.04963
0.116732
-3.8005
0.573329
-3.009
-0.396199
0.41474
-0.0768281
5.53484
-1.45309
0.473725
-0.00300579
0.496161
-0.463478
0.152631
-0.282103
1.04827
-0.0821874
0.486799
-0.016267
1.534
2.60336
1.15603
0.866847
-0.297241
1.5413
-0.997994
0.66897
-1.44191
0.337829
-0.0626965
0.52797
-0.0193575
-0.172054
-0.528973
0.301316
-0.788213
-0.454847
0.240217
0.0487307
1.24962
0.794895
0.215295
-0.26816
0.641995
-0.490664
1.1924
2.16011
-0.543231
-0.0995106
-1.65228
0.0191993
-1.06543
-0.39534
0.724621
-0.94657
-0.27643
-0.429588
0.591741
1.206
0.733491
0.746725
0.355882
-0.173524
-1.2074
-0.91536
-0.81417
0.0715002
-0.5975
0.933879
0.146756
0.410295
-0.975951
-1.03511
-0.183833
-1.07403
-0.152122
-0.0125254
5.9695
1.51448
3.79225
-0.323329
-1.14293
-0.568269
0.531728
0.351134
-0.45307
0.5336
0.0124849
-0.133844
0.869738
0.184129
1.70757
0.625518
0.95918
-0.439558
-1.19632
0.445311
-0.18442
0.926261
-0.449896
-0.577903
3.0582
0.842182
0.478428
-0.0702694
-0.892193
0.334062
1.47302
-1.10543
0.208256
0.13903
0.378431
-1.31859
0.0441019
0.642869
-0.830876
0.244594
-0.654517
0.524518
-0.0134671
-0.49677
0.473537
0.118657
1.05061
-0.0201349
-1.07671
0.0852846
-0.27952
-1.05135
-0.100109
-0.0239915
-0.317201
-1.98184
-0.174131
-1.92086
-0.828983
-0.79752
0.0481919
0.742807
1.77263
0.57196
-0.0827527
-0.701225
-1.00869
0.957447
-2.61474
0.831299
-2.30533
-0.000961563
-0.54913
-2.14726
1.4531
9.85463
-0.217465
-0.825174
-0.296563
0.262247
-0.941299
0.602351
-0.223484
0.576051
-1.54055
-1.18838
-0.0720989
-0.547634
0.322491
-0.770865
-0.1746
0.282872
0.646968
-0.01196
-2.28601
-1.4522
0.127611
-0.432663
-0.642816
0.211542
-1.31665
0.0306604
-0.184376
-1.07094
-0.710243
-0.339599
-0.209608
2.0736
-1.25773
2.07938
-0.368056
-0.665153
-1.83511
-0.41297
-2.69005
0.608711
0.144477
-0.959361
0.0732805
0.224124
-0.934093
0.106221
-1.0487
0.894852
-1.20159
-0.93154
0.484471
1.15657
-0.219196
-1.34325
-2.91755
12.6975
1.72853
2.2325
-1.96614
9.42483
1.10559
-3.68218
-0.563138
1.07761
-0.775703
-3.68751
-2.31544
0.0707605
-1.13024
-0.675928
4.64937
-8.31702
1.48141
-1.16756
-1.42795
0.403938
0.670905
1.69803
-5.07308
-1.98993
0.382161
-1.60239
0.795686
-0.388243
1.11434
-1.14657
-2.54488
-0.992693
0.0202389
-0.452355
-0.273486
-0.533247
-5.20249
-1.37971
1.77961
0.645045
3.77396
0.798667
-4.29509
0.369163
-4.0673
1.11318
1.54423
-1.13084
4.00531
-7.31884
-1.24639
1.3492
1.37539
2.0973
-0.921323
-2.52603
-0.772457
0.117597
0.779374
-0.685304
2.35109
0.00230315
-0.465407
0.00550573
0.812989
7.89985
0.152674
0.000538062
-1.2124
0.055724
0.0359601
-0.698551
-1.96305
-1.78054
1.76969
1.09285
-0.0318309
-0.148151
-1.29526
0.48153
-0.462244
-0.458844
-2.72909
0.00205325
2.08313
-2.54496
1.86682
-0.179968
-3.86287
-1.23473
6.23834
-4.12831
-4.47955
-2.04978
0.0974758
-0.180199
1.86701
-0.110013
5.26018
-3.56484
-0.0292689
-1.48246
0.0023106
-0.920518
-0.00292429
0.0733209
-1.09992
2.43096
-0.982721
9.97668
-2.48512
-5.83242
-1.93819
-0.128245
-1.67009
-0.186716
11.0313
-1.35147
-0.420125
-5.65338
0.721364
-0.827123
-1.17523
0.153602
5.7754
-1.77078
7.0896
-0.00817453
-1.29481
-1.81023
-0.67546
0.558739
7.32218
-0.0501623
-0.00549923
0.64445
-0.974578
1.27701
0.0201795
-4.42224
2.1557
6.24754
9.42689
1.91113
-2.44565
2.98459
0.151599
2.41523
4.42958
-5.00388
5.70287
0.0193745
-0.31816
-0.0841234
2.62828
-0.316228
-2.23121
-1.47232
-1.00113
-0.687574
4.35788
-1.75355
-0.0352119
-3.3264
0.704846
-0.0176446
0.708168
-0.030879
0.133095
-10.9198
-0.122631
-0.649007
2.14344
-0.571907
-7.67203
-0.638279
4.54302
-2.08709
-0.497557
-3.00279
-4.10826
0.361477
0.0459523
0.0681968
-1.50644
-0.0969573
-3.26539
-1.7994
-0.0879836
0.861412
6.60241
0.635804
-0.393196
0.291613
1.58872
0.365035
0.31455
-1.22334
0.0294512
-4.37309
0.0895964
-0.0373556
0.660535
-0.355879
-3.12808
12.3329
-2.21198
-0.826212
-1.13292
0.730837
-0.522253
2.59914
-0.658211
1.06776
6.05476
-2.91905
-1.2399
-1.41558
1.19032
-4.25705
-0.927524
0.148834
2.87363
1.51073
-0.691867
0.00401398
-0.420177
1.07045
-4.19462
-0.00363351
-0.48773
-0.811099
0.57194
1.40379
-0.642144
-0.243364
8.96934
-4.06829
-0.542219
-0.675573
0.529552
-0.552224
-0.526925
2.8523
-1.87565
2.65109
-0.428223
-0.46469
-2.81173
-1.1616
-5.22168
-0.878441
-1.77357
-0.113266
-10.797
-0.631493
-3.01683
0.639989
-3.3102
-0.692422
-0.885245
-0.097148
-0.676697
0.293463
1.37735
-0.0880388
1.25714
0.199104
-5.49389
2.46174
-8.31683
-0.588417
3.51607
-0.661118
-3.99429
-1.22399
0.299496
-1.79702
-0.688358
0.789999
-2.88355
-0.262531
-1.54176
-1.14279
-0.765743
-4.96871
0.858171
0.0949491
7.49299
-0.241804
-1.20874
-3.74697
0.923652
0.737214
-5.33607
-1.82385
-0.00107531
3.68687
-0.00647377
2.23508
-0.443482
8.09475
-0.0641245
3.27451
-1.87136
-0.386464
-5.09842
-4.15704
-1.70407
1.83274
-0.180597
-0.243884
4.9769
0.126893
8.40146
-2.00738
0.981141
26.4484
8.702
-4.95633
1.02971
0.00281026
2.44428
0.358818
-0.00584957
-3.91352
-0.0707188
-1.01193
-4.92385
4.66942
3.33061
2.25331
-4.95104
-0.0626151
-9.13585
5.77039
-4.51003
1.1679
-1.05801
-1.30616
0.639722
-1.01624
7.58702
-0.0170563
-1.99717
-0.544699
-1.19172
-0.000105039
1.78517
-3.21255
-5.25747
-0.22515
-0.568222
0.810015
-0.000630854
-1.79342
-7.49868
-2.45977
0.590795
5.29861
-1.18887
-7.10424
-4.02815
0.419493
-0.776317
10.1221
-0.466887
-0.0709148
-5.89636
5.68554
-1.72668
0.349047
2.41172
-0.349132
0.0305371
-4.53305
-4.82555
-0.495707
-1.44373
1.30951
0.263192
-0.153119
-0.499431
3.07276
-1.52036
0.378608
0.934505
4.16385
1.03601
-0.0923439
1.60112
-0.00522375
-0.569209
-5.16226
-0.810284
-2.34776
-0.439259
-0.762217
1.15065
-0.000880471
-0.353865
0.406313
0.570373
-8.54912
-0.634772
0.000454101
-0.624514
-0.297811
2.82285
-1.86415
0.221484
0.0361263
-0.203547
2.16471
-1.63843
4.58551
0.453701
-0.704716
-0.154276
-0.346453
-0.465662
-0.294249
4.24022
5.09063
1.53285
-2.02575
1.40325
-0.946523
-0.554125
2.44519
0.648884
0.232506
-0.357582
-0.0705209
0.612374
-0.580203
-3.03603
0.18508
0.824284
-0.47152
-0.0548656
0.499449
-0.000953702
0.322182
-1.14072
0.382046
-0.438385
1.57391
-0.434318
-0.38646
-0.594713
-0.857731
1.32077
-1.41181
-1.14289
2.69705
-0.265738
-0.571423
-1.8235
-1.00977
-0.356249
0.367196
0.971319
-1.555
-1.33574
0.000516918
0.797012
2.11807
-0.956773
-0.296736
2.14995
0.620018
-3.14144
0.404066
0.139464
-1.22955
-0.21167
-0.166274
0.509246
0.984698
-0.35575
1.35405
-1.98517
0.504466
-0.349311
-3.16645
-0.478265
-0.00320358
-0.108727
-0.00550205
-1.58917
3.74146
0.00419247
1.86299
1.91459
-0.455681
0.0031495
0.0520313
1.26131
0.113946
0.953442
1.8134
0.149536
-8.50604
0.972618
1.86822
-0.661882
-0.420137
1.42882
-1.6824
-0.127332
0.0152748
-1.1795
-1.95706
-3.19374
0.477131
-0.300425
-0.0184094
-2.54015
6.02183
-6.77071
-0.0397849
-1.24561
-0.288585
-0.310244
-2.63719
-2.57601
1.10256
-5.58766
-3.80753
2.58441
-2.14635
-5.60923
-2.41912
15.2911
-4.7903
8.96498
-1.17858
0.689802
-3.79416
-0.65579
1.40495
-6.60656
-6.38672
-0.0027381
0.859159
-1.35121
-4.34605e-05
-4.22699
-1.46578
-2.13413
0.796487
-3.12747
2.94944
-1.29238
0.00179207
1.54016
2.43603
0.921191
-2.15434
-2.96558
-4.81396
-3.89928
-1.17136
-0.886572
-1.95228
4.16148
3.03924
-5.09347
-0.94195
0.111325
-2.89362
5.31621
0.336241
-3.65203
3.04859
-1.62303
-0.0443296
1.51294
1.58444
-3.30848
2.27678
-6.30667
-1.50854
0.830559
-4.06286
0.925055
-0.00339303
-6.91932
2.60181
-5.87116
1.45309
-0.712576
2.30386
-2.13329
0.371919
1.21669
2.28831
0.364853
0.00418865
-0.00560128
0.147547
4.57593
-3.28804
-1.7376
-7.67734
-2.14625
3.53803
-1.20168
-1.92308
-7.75138
-1.2842
-2.50544
0.0299895
-3.03096
-1.44331
-0.0589952
4.83459
2.08832
-0.0583245
1.30557
1.15354
7.66281
-2.28016
-0.456525
2.03838
0.0521259
1.14167
-12.4978
0.67665
-0.764728
-0.229626
-0.195348
-1.88899
-0.300369
-0.921678
5.65534
1.00577
-0.449759
-0.377789
6.3751
0.637716
-3.1545
-1.63455
-3.49932
0.279568
-0.145363
-0.0496611
-2.0091
7.31623
5.20325
0.21401
-3.37922
-1.92435
4.59222
-0.63653
-0.0602518
2.10874
-0.636384
0.665538
-0.0246729
-0.170533
1.10131
2.27261
-0.217227
-2.49401
0.618695
-5.93286
-5.38194
2.47309
-7.21835
0.262815
-3.64882
-0.105166
-2.41356
0.369363
0.96359
-0.158417
0.017883
-0.349217
4.21752
-0.427172
0.223313
12.1219
0.282358
16.8231
-0.865856
-0.900966
2.21023
-0.765601
3.17412
2.8185
-3.7739
0.303248
0.706228
-0.833397
-0.817601
-2.50394
0.00579106
-4.13968
1.54468
-0.472243
-1.06196
6.63495
0.00579355
2.77561
-2.32757
0.110345
9.50124
0.00770099
-4.06694
-0.0952404
-5.16408
-1.37545
-3.82158
-0.000447477
-4.75635
-6.60004
4.00702
-0.0102641
7.38731
7.71963
0.70354
-1.63307
-2.95683
1.13276
-5.92246
-0.0683173
26.9911
-1.03994
-3.65928
-2.09867
-3.01356
-4.2966
0.0456275
1.93276
-1.48521
1.45492
1.36747
-0.00630641
0.731681
-5.89124
-1.66328
1.24816
-0.59497
-6.76843
0.629919
-0.427506
-4.34279
3.67442
3.82076
-2.44259
8.73888
-0.745749
5.69016
0.637698
0.00656662
1.92653
-0.0779379
2.49045
-1.31748
-3.84887
-5.01079
-3.91902
-1.08979
2.93167
5.08941
-3.02989
0.0503812
1.3627
-2.55389
-2.32803
-1.31397
-0.766893
0.397861
-2.06015
-0.154228
-0.0683343
0.0895472
1.91639
-3.86565
0.00126573
-0.902129
-0.0960378
0.426283
-0.0909417
-2.21108
-0.0482442
-0.213851
0.0682073
1.87361
-2.42845
1.94977
1.40422
4.89079
0.444536
0.595631
-0.0129531
-0.178176
-6.5001
-0.807025
-0.566543
-0.483989
-1.37698
-1.22436
-2.22263
-0.285159
-0.237979
0.184633
3.86191
-0.954044
0.0380962
2.21118
0.360586
-1.25374
2.87748
0.108916
1.15765
0.273355
1.81026
0.770067
0.745967
-2.57423
-0.219204
-0.216062
0.813397
0.177723
0.122238
-3.31192
-0.927367
0.146703
0.0232555
-1.30236
0.225382
-0.733954
0.398093
-1.09058
0.257596
0.0190463
-0.800957
-10.5678
0.724665
-5.79286
-1.27559
-2.04553
-0.741606
-0.820428
-1.70133
-1.00732
2.90943
-0.0356429
0.71395
1.04065
-0.356171
0.581742
-0.682131
-0.2456
-0.315798
-0.449727
-0.140577
-1.02459
0.498823
0.82186
1.22617
-0.751201
3.10972
-0.686206
-2.50077
-0.0131374
-1.57402
1.95606
-0.35194
-1.15309
2.56513
-0.521826
0.161117
-0.318101
-0.380538
0.448336
-0.0410615
-0.407227
-0.611833
-1.45715
-0.302034
-0.511565
-1.07085
0.0320388
0.410503
-2.41706
-0.744778
-0.992485
1.31784
-3.63754
-0.132933
-2.80719
-0.374118
2.98246
1.09529
5.4614
1.52593
-3.0126
-1.6917
0.461525
0.410402
-3.51954
0.951465
2.15045
-0.00357111
-0.937016
-3.99531
0.461538
0.228819
0.78594
-0.189413
-0.407034
0.909439
-0.410113
-5.4757
-0.0925881
-5.60701
-3.96273
6.65491
-1.91769
-1.51977
-3.81451
1.11147
-1.13318
2.52059
0.200855
0.0209697
-2.42971
-2.94113
-2.49045
-0.0435459
-2.00868
-1.55019
-0.037965
1.60424
-5.30544
7.58864
5.13944
-0.208053
-0.196882
-0.00851489
7.04483
-6.62991
-0.0879709
-1.3124
0.0915079
2.80013
-0.0044228
-1.17048
-0.30458
0.510019
-0.338251
3.42153
1.31163
2.49828
3.37408
-4.77789
-2.90798
-4.45839
-0.0741881
0.355003
0.0903862
-3.20753
-0.090204
-0.00862402
6.03492
0.214474
-0.488769
-1.36954
-2.90501
-0.713298
-0.92054
-0.452574
1.95344
0.012755
0.461206
-0.00373916
13.0327
-2.04366
1.3653
-2.56363
7.01852
-2.31229
-0.730886
-2.7868
1.73123
-2.45314
-1.61499
-0.961075
-2.90083
2.44218
-2.54256
-0.46017
-0.319177
-3.76107
-0.634086
-2.22867
0.294419
-0.671097
0.519991
-0.389406
-0.242784
2.47351
-0.0790645
-0.481296
0.215974
-0.274046
-1.56845
1.41505
-1.91798
-0.0998089
-0.0438983
1.2443
0.487189
-0.0789311
-0.450698
-2.5559
-0.180321
0.0950129
-3.75971
0.0253874
-0.152147
3.12334
0.00699757
0.674427
-3.47819
0.600035
1.29361
-0.167119
1.1633
-0.244748
1.34329
0.747398
2.01425
0.0537306
-1.05622
1.26951
-4.77064
-0.336404
0.151553
-0.0406346
0.438205
-0.51727
1.05421
-3.36412
1.78767
-0.32455
1.56514
-0.284424
-0.808791
0.839276
-1.51472
1.20021
-1.38831
1.96526
5.49933
2.4619
0.288882
0.24119
-0.244331
-0.12127
0.645357
-3.51416
-0.368092
4.78109
0.923766
-1.10684
-2.30066
0.231717
-3.57093
-0.0574517
0.538028
0.214029
-0.513305
1.60432
0.312887
-0.0166003
0.320787
-0.189402
1.59934
-1.15383
1.42695
2.92545
-0.108008
-0.29738
-2.06882
-0.856816
-0.00870819
-0.230588
10.4832
-0.663435
0.962934
0.190058
-7.37258
0.261233
-4.15914
-0.531829
-0.830059
-3.06872
1.82452
-1.18434
0.316584
0.0333751
5.57149
-0.411852
-0.00449722
0.662258
3.06812
0.316899
-0.000203098
0.104492
3.88035
-1.84388
-1.47288
-1.25301
-0.381579
14.8174
0.219633
-5.09535
8.30639
4.21155
2.74485
1.86156
-0.00534022
-0.733979
-2.05643
4.68399
1.26288
-0.532567
7.00584
3.08424
-4.88453
3.76285
-4.8469
-1.15024
5.93251
0.149299
-0.617291
0.889243
-0.00330125
-1.25017
-0.00298918
0.00725404
-0.582458
-0.445228
4.21958
-0.947733
-0.237532
-2.53336
-0.029487
0.505474
-0.272465
-1.72302
5.8295
0.989729
-1.57358
1.63301
0.133187
14.0847
-4.45438
-5.48397
-1.6048
-3.06307
4.61435
1.03996
0.909381
1.97732
0.907243
2.7452
-3.56988
-0.403082
-0.573237
-1.85823
-4.63758
-1.44341
-0.834129
0.012046
-0.191518
2.79332
-1.59398
-2.10946
-5.3446
0.0207215
1.10794
-0.126209
-0.569484
-0.967121
-0.458216
0.461317
11.3475
-0.735575
1.11863
-1.04557
-0.296409
6.49021
-3.59159
-6.01948
0.934629
0.625401
0.18499
-0.500978
-2.39663
-3.2946
-0.322666
-3.51323
-1.89983
-4.75945
-1.90046
-2.51574
-7.85778
1.24617
-0.819243
-5.62992
-0.977008
-3.20798
-1.3568
2.30064
-1.5103
-1.78998
-2.57512
0.767506
0.542721
-1.46428
-0.607369
-0.679166
-6.55517
0.10661
-4.50803
0.558831
-2.19092
0.396038
0.0536249
-0.630755
-2.83142
4.16795
3.16883
-1.04479
-17.9204
0.00504326
-1.91677
1.6457
9.70449
-0.969312
-1.53626
-1.5253
0.579224
-2.12493
-2.05796
-1.64021
-3.19556
-1.15479
-10.7001
-1.16865
0.269721
-0.691195
-3.1153
-0.272288
-1.46227
-0.3241
-0.641092
-2.07567
-0.821645
-9.50048
-1.08385
-2.06338
-4.74018
-2.83433
-8.97272
-1.30758
2.79893
-2.30052
-9.54845
0.438527
-2.26873
-0.885344
0.0561956
-0.776638
-1.99427
-0.836978
-2.28366
-9.3399
-1.87204
-2.01017
-2.17908
-2.55755
-2.14375
5.2202
-0.950859
0.843111
-9.10247
-1.10183
-5.22457
-1.29902
-1.73219
-4.10311
2.7633
-8.92562
-0.580359
-0.00743837
-0.00132324
0.700467
-0.446146
-4.34118
1.37451
-5.33075
-3.98565
-3.43628
-3.71792
-2.59823
-0.308823
0.190425
-4.1118
0.772948
-6.14434
-8.03101
-0.512221
-4.0026
-16.9754
-4.59721
-0.937902
4.72973
-1.09388
-0.423942
-7.87076
2.74132
-11.4495
0.153274
-0.328182
-0.798731
-1.09857
-1.87727
2.29276
-1.0752
9.22901
0.979175
-0.153345
1.62952
3.98052
-3.86413
0.0458345
10.0512
1.28374
-2.67762
4.20545
1.91401
-1.47753
-5.69339
-7.08486
0.655941
0.192875
1.68121
-2.21203
0.442716
-4.9544
-1.16447
4.29055
-2.89549
4.5577
-13.6399
-5.80984
-3.97211
-2.82569
-0.00818753
-4.96714
-3.46326
-1.0455
1.36283
-2.68624
-2.95964
-2.21619
-8.34807
-4.48941
-2.73501
11.1226
-1.55097
0.504762
-0.317563
-11.8866
3.09703
-0.90026
3.42979
-1.26126
19.5459
-2.53629
1.74942
-0.565157
-7.79804
0.384729
-0.329433
-4.78013
0.0268331
-3.97919
-2.85166
-0.34672
1.77833
0.172174
-1.54765
-1.43234
-0.10676
-0.658126
-2.14418
-0.0988539
2.8757
-0.423376
1.68763
-1.23026
-0.932451
5.98293
-1.65663
-3.77092
-0.393837
-0.873205
-3.29956
-0.776615
-0.272965
1.2421
-1.37037
0.187143
-0.80343
-0.545725
-0.402955
-0.18264
-2.64076
1.82023
-0.301943
1.63342
-0.0508035
1.29445
-0.186019
0.211055
1.15446
-0.193087
-0.608806
-1.84402
-3.33418
0.290333
-0.286673
0.00149798
-1.04954
14.0134
2.05665
2.1021
0.273516
-0.53644
2.80558
-4.64268
2.96778
1.07994
0.349597
-0.962742
0.381537
-1.94442
0.777904
4.529
-1.06672
-5.3307
-0.0511449
0.0201879
0.287914
-0.624052
-0.0155742
0.455316
-8.54498
0.158781
3.8467
-2.46743
0.0125829
-0.700729
-0.263761
6.96812
-0.384208
0.314261
-0.025932
2.07788
0.305894
-0.425679
-0.368618
0.405014
0.126122
5.31131
-0.370522
-0.497492
-1.62812
1.71805
0.549405
1.1768
-0.90163
-2.21332
-0.484902
-6.8155
0.787226
-1.14221
-0.0917145
-2.48398
-2.12029
0.000365684
0.425798
1.44016
-0.739724
-0.894241
2.85149
2.92143
-3.81341
-2.76132
-0.15484
0.325219
-0.0693846
-2.20356
0.641673
-0.235011
-1.65856
2.3204
0.34043
0.761823
-1.46408
-0.239239
0.409372
-8.0743
-3.38562
7.34472
0.671146
-0.607367
-2.05559
-0.488756
0.0225533
0.287514
0.00389707
-5.81205
0.235741
-10.4327
2.37168
-8.9095
-3.66716
1.09176
1.55872
3.89508
3.7224
0.17781
3.25027
-11.4347
-3.52396
4.30128
-0.0986456
-0.260936
0.786034
1.23061
4.25116
3.20981
-1.09366
1.00871
-5.35315
-0.395986
-1.43179
-4.84943
-1.18933
0.383487
-1.31435
-0.402091
-3.86802
-3.55217
9.23883
-2.22558
-0.663448
-6.66216
-0.481557
-0.332472
-0.18908
0.33563
-0.177762
-4.28755
-2.06663
11.3326
3.24953
-0.371468
-2.10221
-0.287613
0.000107234
-0.0967985
0.28218
-0.461778
2.53164
-4.81125
0.00370627
-1.51611
-0.933882
-0.438741
-3.43632
-0.0577954
-1.55487
-6.89152
-2.3682
-2.0474
-0.77434
