0.954901
0.074301
0.821493
-0.518389
-0.703322
0.541912
1.00655
-0.760168
-0.246398
-0.869472
0.885002
0.841538
-0.929787
0.809954
-1.02926
0.71945
0.473582
0.801716
-0.437807
-0.180053
-0.711354
-0.258758
0.592433
-0.0404835
-0.0695721
-0.0497831
0.0106913
0.302894
0.287331
0.503403
1.00979
-0.150115
0.271727
0.066944
0.800458
0.821581
-0.328124
0.570669
-0.588431
0.618702
-1.05431
-0.209172
0.0537803
-0.0542416
0.135535
0.541949
0.207394
-0.0843438
-0.406225
0.975276
-0.016154
-0.857861
0.324104
0.570803
1.01954
0.449308
0.538921
-0.865011
0.321457
0.106045
0.88165
0.591795
-0.54815
-0.582839
-0.717196
0.385064
0.858605
-0.0363544
0.950499
-0.424165
0.528002
0.719752
0.150448
0.810887
-0.184461
0.897297
0.984922
-0.0431849
0.0245381
-0.173379
0.00982975
0.720846
0.576149
0.303854
-0.456948
-0.934737
0.718366
0.239419
0.423182
-0.545178
-0.840393
-0.274701
-0.0597961
-0.663514
1.01495
-0.258203
-0.195526
-0.525904
-0.475182
0.528327
0.607809
0.493418
0.731996
0.595567
0.572937
0.4914
0.664621
0.513872
0.822384
0.567754
0.612338
0.57311
0.646545
0.598571
0.491951
0.623766
0.588387
0.630867
0.56447
0.654602
0.445065
0.692277
0.55405
0.436939
0.398419
0.35934
0.581157
0.514415
0.483698
0.36318
0.522114
0.583417
0.247563
0.591207
1.44962
0.54264
0.674353
0.512221
1.02507
0.53768
0.622263
0.523533
0.588526
0.74442
0.867489
0.498343
0.673516
0.59409
0.716111
0.608638
0.724625
0.686537
0.880675
0.494645
0.341219
0.576628
0.500586
0.615649
0.368618
0.628345
0.371907
0.408425
0.528558
0.488063
0.808047
0.399447
0.498207
0.417579
0.477371
0.364974
0.60689
0.46646
0.523078
0.64165
0.701907
0.562236
0.647072
0.466168
0.831752
0.634164
0.50278
0.551399
0.550876
0.690655
0.647655
0.523014
0.658879
0.661461
0.612963
0.69414
0.601382
0.565555
0.57538
0.407941
0.624447
0.571896
0.469842
0.617583
0.527501
0.588361
