0.309157
0.0833807
0.501134
0.813349
-0.832435
0.767922
0.797359
-0.545019
-0.310774
0.849755
0.692614
0.299384
-0.650653
0.865583
0.576753
0.837558
-0.767295
-0.384907
-0.063425
-0.176876
0.17828
0.0908563
-0.852247
0.157697
-0.215664
0.175286
-0.018564
0.409813
-0.490059
-0.170482
0.371755
-0.512034
0.93353
0.481711
0.669898
0.829908
-0.106177
-0.456782
-0.855327
0.43182
0.119654
-0.628604
-0.952517
-0.923753
-0.0330271
-0.381655
-0.524438
0.84981
-0.690622
-0.828144
0.31013
-0.606395
0.721823
-0.896281
-0.719706
-0.338484
-0.997498
0.685684
-0.680106
-0.571714
-0.861427
0.0424249
-0.799895
0.83152
0.541936
0.694025
0.299272
0.0607278
0.529673
-0.861343
0.926745
0.760942
0.66794
0.307393
-0.107497
-0.420314
0.421372
-0.0692631
0.818312
-0.115565
0.707627
-0.437937
0.834846
-0.306173
-0.456166
0.188722
-0.178499
-0.902366
0.92039
-0.21064
-0.224005
-0.623469
-0.35832
0.70708
-0.187958
0.529673
0.475583
0.63197
0.991559
0.737959
0.285316
0.11533
0.192902
-0.9117
0.15618
0.450116
0.629176
0.449668
-0.216859
-0.497082
-0.330184
-0.192833
0.878396
0.176683
-0.800192
0.99613
-0.546127
-0.928925
-0.18947
0.360438
-0.60647
-0.331958
0.871302
-0.537824
0.647657
0.950916
0.42688
-0.641316
0.875694
-0.438823
-0.285128
-0.197831
0.939768
0.187078
-0.592441
-0.564589
0.61822
-0.704196
-0.416644
-0.0787929
0.749447
0.547305
-0.561424
0.714779
-0.497012
0.360316
-0.819965
-0.763566
-0.145137
-0.0626844
-0.954026
0.745163
0.204634
0.894221
0.318891
-0.602039
0.238675
0.583676
0.891139
0.788136
0.00429011
0.0922068
0.853152
-0.751294
-0.510301
0.895265
0.273798
0.607102
-0.450684
0.889181
-0.189513
-0.358751
-0.947555
0.577531
0.894927
0.36923
-0.99675
-0.479595
0.590112
-0.640389
-0.426382
-0.921122
0.339578
0.315024
0.269602
0.913522
-0.698423
-0.850771
0.0144598
0.0203571
-0.213015
0.635289
-0.749786
0.0902627
-0.262892
0.436242
0.640484
0.694848
-0.196296
-0.486488
0.425952
0.056649
0.940286
0.588719
0.589902
0.047198
0.118978
0.255966
0.124493
-0.823081
0.592646
0.301357
0.54502
-0.614673
0.090596
0.935538
0.553814
-0.517874
0.217517
-0.877401
-0.885884
0.757192
-0.905725
0.770801
-0.65022
0.110092
0.290006
-0.379889
-0.328771
0.969845
-0.588223
-0.416507
0.712259
-0.978541
0.82681
0.789498
-0.0606666
-0.0935024
0.835716
-0.389295
0.311299
0.233601
-0.122253
-0.337356
-0.537521
0.326198
-0.876103
-0.716726
0.725474
-0.828122
-0.413591
0.0597905
0.691245
-0.372006
0.248994
0.712453
0.590676
-0.800698
-0.948562
-0.514767
-0.419788
0.211479
-0.461601
0.373738
0.140956
0.503595
-0.992061
-0.945518
-0.313401
0.399557
-0.0754502
0.841866
-0.913695
0.545715
-0.206575
-0.498587
-0.244089
-0.477697
0.400913
0.838591
-0.130133
-0.0267098
-0.254743
-0.405592
-0.0860622
-0.85572
0.169326
0.986456
0.443149
0.320305
-0.98575
-0.495507
-0.284468
-0.405379
-0.784129
-0.217417
0.0638867
0.919189
-0.333035
-0.160162
0.83291
-0.661959
0.495146
-0.218033
0.94336
0.3385
-0.10593
0.11056
0.556317
0.514372
-0.624786
-0.0834864
-0.556801
0.986933
0.890772
0.851044
-0.550141
0.639258
0.757225
0.353323
0.418763
-0.869919
-0.0658598
0.836674
0.243316
-0.704022
-0.614365
-0.882309
-0.80905
-0.851019
0.473953
0.800583
-0.494739
-0.350011
0.715191
0.107467
0.202918
-0.225024
-0.127031
0.820764
0.48083
0.618519
-0.68287
-0.375094
0.473697
0.214489
0.845092
0.69431
0.946731
0.653947
-0.225643
-0.810467
-0.481605
0.120049
0.0640903
0.0895148
-0.448289
-0.579608
-0.00693473
-0.890115
0.915732
-0.0600638
0.640652
0.630631
0.76794
-0.268407
-0.634989
0.0364683
-0.905365
-0.201833
-0.392897
-0.118572
0.125212
-0.387256
-0.317376
-0.69554
-0.337653
-0.828633
0.666922
0.128062
-0.312729
0.72365
0.88607
-0.0449968
0.679047
-0.495862
-0.861128
0.517797
0.926605
-0.916428
0.832836
-0.503776
-0.687394
0.0103651
0.0747585
0.90293
-0.616579
0.403425
-0.934039
0.00161855
-0.674784
0.301542
-0.719023
-0.560185
-0.261569
0.814361
0.433214
-0.525998
0.509596
-0.586012
-0.329077
0.777105
0.58371
-0.607538
0.291982
0.1903
-0.106035
0.0878674
0.69528
-0.458482
0.935829
0.278354
-0.0456706
-0.731645
0.49199
0.623439
-0.693663
-0.0573481
0.673928
0.700976
0.768009
-0.0775502
-0.0411972
0.210682
0.510605
-0.960937
-0.94119
-0.0872817
-0.912269
0.3677
0.479816
-0.704989
0.602778
0.532438
0.0716619
0.546964
-0.999727
-0.626262
-0.510821
0.912709
-0.547778
-0.999879
0.224601
0.900544
-0.167373
0.561887
0.152476
0.125968
0.970322
-0.685371
-0.975788
0.810445
-0.137276
0.773465
0.271904
0.62186
-0.796719
0.48128
0.163563
0.788678
0.10715
0.162761
0.449039
-0.132326
-0.64084
-0.712167
-0.0686858
-0.319311
0.779912
0.18054
0.189741
0.578332
-0.781236
0.543851
0.255234
-0.321351
-0.971034
0.70315
0.844556
0.164278
0.974283
-0.514095
-0.638588
0.86723
0.834892
-0.549983
-0.553583
-0.344024
0.828114
0.671187
-0.91385
-0.407101
0.0451086
0.301286
0.482372
0.657296
-0.582334
0.940009
-0.132144
-0.759069
-0.723474
0.167405
-0.412105
-0.971225
-0.426864
-0.726983
-0.761268
-0.963609
0.146965
0.635964
-0.905237
0.915136
0.822434
0.522207
-0.927843
-0.245577
0.505078
0.446427
0.954563
-0.946774
-0.673625
0.218263
0.379941
-0.236969
0.586816
-0.0766877
-0.984577
0.662091
-0.348443
-0.0699126
0.167438
-0.650838
-0.350616
-0.803115
0.322716
0.18898
-0.957443
0.23091
-0.5709
-0.810537
0.346179
0.338049
0.349079
-0.531954
-0.648275
-0.807588
0.624741
0.657558
-0.372699
0.677231
0.949556
-0.626074
-0.640588
0.206658
-0.37293
-0.893999
0.58039
-0.506656
-0.824696
-0.144273
-0.81581
0.522533
0.757483
-0.776224
-0.307136
-0.662513
0.595449
0.0885002
0.947108
-0.506306
0.486028
-0.871454
0.458673
-0.66389
0.466433
0.518067
-0.966757
-0.778653
-0.655618
-0.975447
-0.510948
0.21123
-0.872134
-0.706158
0.319824
0.313149
0.573633
0.671075
-0.025063
0.952467
-0.288674
0.109102
0.845025
0.12666
-0.399435
0.677303
0.364244
-0.126203
-0.294606
0.390344
-0.802372
0.38052
-0.834132
-0.0373289
0.362353
0.53345
-0.630211
0.880076
0.364089
0.182454
-0.524034
-0.761257
0.909859
-0.780432
-0.76427
0.805396
-0.325458
0.44004
-0.709386
-0.120398
0.264276
0.802037
-0.54177
0.21955
-0.854178
-0.0766821
0.846497
0.447009
-0.027799
0.481957
-0.199616
0.848537
0.831011
0.697797
-0.0214636
0.750552
-0.552622
-0.297339
0.694856
-0.322179
-0.0709521
-0.583553
-0.24956
0.00358229
-0.286549
-0.396926
-0.84681
0.921097
0.868962
0.0387599
-0.376803
0.622211
-0.507573
0.785325
0.474054
0.727712
0.350882
-0.301691
0.044243
0.256863
-0.564398
-0.658178
0.086354
-0.0707826
0.800171
0.909997
0.464596
0.509439
0.721527
-0.816445
0.505186
0.0726987
-0.306983
0.344984
-0.753866
-0.936626
-0.637508
0.629482
-0.514436
-0.660932
0.734321
0.182346
0.929732
-0.651204
0.429161
-0.490279
0.261741
0.294848
-0.288144
-0.421918
0.989631
0.925458
0.503922
0.299868
0.478725
-0.225146
0.012415
-0.788973
-0.18195
-0.255162
-0.512925
-0.849782
-0.745312
0.100143
0.829992
-0.68823
0.212892
0.908563
0.298836
0.350279
0.870738
0.837287
-0.149221
-0.365476
-0.802944
-0.67106
0.246429
-0.66398
-0.88126
0.146994
0.554843
0.391094
0.97959
0.902248
-0.317165
0.955014
0.388778
0.0123257
-0.126524
0.41031
-0.998102
0.825566
0.156323
0.146203
0.661127
-0.83263
0.953631
-0.622802
0.266376
-0.553234
-0.630544
-0.259584
-0.301523
-0.547211
-0.465663
-0.630029
-0.537313
0.188589
-0.756663
0.32105
0.335919
0.0830021
0.761042
-0.27797
-0.535868
0.0533527
0.142538
-0.267752
0.477926
0.830736
-0.573776
-0.592887
-0.201597
-0.49069
-0.256393
0.86093
0.783036
-0.512223
0.205665
-0.0735927
0.709567
-0.875854
0.854799
-0.712823
0.491765
-0.646571
0.881957
-0.804902
-0.896966
0.514148
-0.665467
-0.964258
-0.942662
0.808155
-0.79353
0.384189
-0.800709
-0.366863
0.994412
-0.873645
-0.124603
-0.912411
0.581271
0.203556
-0.102858
0.696991
0.931728
-0.774693
-0.595601
0.699352
-0.907191
-0.197377
-0.125263
-0.87741
-0.457463
0.223746
0.955572
0.59172
-0.304686
-0.0110552
-0.606066
-0.375632
0.365656
0.0355638
-0.507935
-0.667044
-0.0533935
-0.849651
0.876718
-0.943547
0.973652
-0.70812
-0.942724
0.34596
0.484841
-0.202567
0.320947
-0.267365
0.462335
-0.213169
-0.0725312
-0.296126
0.351182
-0.353503
0.976833
0.537531
-0.0798659
0.960851
0.03109
0.704439
0.0963525
0.471869
0.574487
0.674792
0.493459
-0.70611
0.422171
-0.350028
0.899013
0.894245
-0.970936
-0.148521
-0.959381
0.439315
-0.955704
0.266214
0.150833
-0.4664
-0.78168
0.444308
0.921728
0.364596
0.27024
-0.910381
-0.156674
0.744287
-0.362061
-0.0787729
-0.65149
-0.71188
0.0320241
-0.348983
0.682093
0.665072
0.700631
0.70975
0.00765665
0.843838
-0.425804
-0.0193425
-0.363266
-0.570058
0.605471
0.653362
-0.552617
0.588439
-0.894086
0.745214
-0.603729
0.490965
-0.269897
-0.0741579
-0.273687
0.263393
0.156062
-0.299876
0.765518
0.714632
-0.137196
0.156787
0.540451
0.702058
0.578457
0.494732
-0.139483
0.342435
0.227552
-0.29181
-0.83475
0.0163413
0.529457
-0.71791
-0.335831
0.479957
0.230121
0.953963
-0.434304
-0.820968
-0.747409
-0.869104
-0.0180975
0.283018
-0.140572
0.627863
-0.567723
-0.360915
-0.689885
-0.157818
-0.0167758
-0.231928
-0.050499
-0.825451
0.626737
-0.742821
-0.0115931
0.250589
-0.992356
0.386089
-0.681976
0.561911
-0.445694
-0.497923
0.637257
0.428058
0.997883
0.50511
0.537824
-0.692483
-0.171875
-0.944045
-0.420166
0.736105
0.0349958
0.945408
-0.319292
0.321564
-0.599293
0.927019
0.896443
-0.442177
0.803015
-0.703646
0.940968
-0.0975285
0.653479
0.625717
0.580537
-0.0311989
-0.892304
0.0765619
-0.185776
-0.930192
0.102318
-0.851797
0.779632
0.361696
0.102049
-0.568371
0.0803474
0.745346
0.801246
-0.0291225
0.241976
0.55895
-0.117796
-0.372775
-0.250863
-0.438198
-0.624709
0.165291
